0.7808219178082192
1.0
1.0338983050847457
1.0158730158730158
1.1015625
0.96875
1.017094017094017
0.7955555555555556
0.75
0.90625
0.875
0.671875
0.765625
0.9300699300699301
0.9375
0.703125
0.7736842105263158
0.8048780487804879
0.7702702702702703
0.8782608695652174
0.8449612403100775
0.8120300751879699
1.0405405405405406
0.8108108108108109
0.9827586206896551
0.9105691056910569
0.8473282442748091
0.76953125
0.953125
0.734375
0.9848484848484849
0.7265625
0.5625
0.8203125
1.0161290322580645
1.09375
0.8103448275862069
0.7919463087248322
0.7107692307692308
0.8522727272727273
0.6462882096069869
0.7080745341614907
1.1216216216216217
1.1587301587301588
0.812206572769953
0.7461538461538462
1.0273972602739727
1.017391304347826
0.6914285714285714
0.7121212121212122
0.9605263157894737
0.8734693877551021
0.9621212121212122
0.7880794701986755
1.3238095238095238
1.0649350649350648
1.5432098765432098
0.8556338028169014
0.7597402597402597
0.8304093567251462
0.7877358490566038
0.8295454545454546
1.1146496815286624
0.745945945945946
0.8728323699421965
0.9908256880733946
0.7542372881355932
0.7484276729559748
0.9393939393939394
0.8672566371681416
0.6049382716049383
1.6563706563706564
1.2205882352941178
0.6946902654867256
0.8688524590163934
0.92
0.8037974683544303
0.7344827586206897
0.5985663082437276
0.6987951807228916
0.7663934426229508
1.1818181818181819
1.088235294117647
0.9417989417989417
0.6
0.85
0.7875
0.8558558558558559
0.7525083612040134
0.975
0.859375
0.8135593220338984
0.963855421686747
0.71875
0.6222222222222222
1.4210526315789473
1.148936170212766
1.0806451612903225
0.6716417910447762
0.7091633466135459
1.1666666666666667
1.0827586206896551
1.2604166666666667
0.7767857142857143
0.7142857142857143
0.8036363636363636
0.8869047619047619
0.7384615384615385
0.6843971631205674
0.7747035573122529
0.8561151079136691
1.0275229357798166
0.6981132075471698
0.8123249299719888
1.2388059701492538
0.8251121076233184
0.8461538461538461
0.9711538461538461
0.7378048780487805
0.8511627906976744
0.759493670886076
1.1129032258064515
1.0457142857142858
0.881578947368421
0.8502415458937198
0.9281045751633987
0.7959183673469388
1.2873563218390804
1.1363636363636365
0.538135593220339
0.9682539682539683
0.8446601941747572
0.7733333333333333
0.9746835443037974
0.6931216931216931
0.8191489361702128
0.7449392712550608
0.7289719626168224
0.88
0.8862068965517241
0.8514851485148515
0.8275862068965517
0.8341463414634146
0.7098765432098766
1.0155038759689923
1.2553191489361701
0.9157894736842105
0.801980198019802
0.9420289855072463
0.7955801104972375
1.0857142857142856
1.0588235294117647
0.7368421052631579
0.6711711711711712
0.77
1.098901098901099
1.1282051282051282
0.95
0.73125
0.85625
0.7
0.7625
1.2
0.8011049723756906
0.4722222222222222
0.7222222222222222
0.9722222222222222
0.9097222222222222
0.971830985915493
0.7485029940119761
0.8421052631578947
0.7012987012987013
1.0786516853932584
1.0610687022900764
0.8210526315789474
0.8916666666666667
0.7666666666666667
0.8292682926829268
0.8907103825136612
0.9565217391304348
0.8315217391304348
1.0797872340425532
1.139240506329114
0.8578199052132701
0.7982832618025751
0.7070707070707071
0.7279411764705882
0.8934426229508197
0.7709677419354839
1.054054054054054
0.9473684210526315
0.9102564102564102
0.8660714285714286
0.7689243027888446
0.9338842975206612
0.7684210526315789
0.9285714285714286
0.6785714285714286
0.8035714285714286
0.6160714285714286
0.7261904761904762
0.8082191780821918
0.7925925925925926
0.8200836820083682
0.7654320987654321
0.9054054054054054
0.782608695652174
0.7345132743362832
0.6756756756756757
0.8551401869158879
0.792
0.8657718120805369
1.042857142857143
1.1756756756756757
0.9459459459459459
0.7906976744186046
0.6761565836298933
0.7962962962962963
0.9042553191489362
0.9776119402985075
0.6901408450704225
1.155844155844156
1.0533333333333332
1.2162162162162162
0.803680981595092
0.9283018867924528
0.5491803278688525
1.1376146788990826
0.7699115044247787
0.8387096774193549
0.7226890756302521
0.8586956521739131
0.7582417582417582
0.9288702928870293
0.6788990825688074
0.9425287356321839
0.9475409836065574
0.8700564971751412
0.7485380116959064
1.2638036809815951
0.7182320441988951
0.7633136094674556
0.6692913385826772
0.7092198581560284
0.8307692307692308
0.8666666666666667
0.891566265060241
1.013157894736842
0.9142857142857143
0.9700598802395209
0.896358543417367
0.7463768115942029
0.8395061728395061
1.1584158415841583
0.7614678899082569
0.9841269841269841
0.7341269841269841
0.8097826086956522
0.9298245614035088
1.0978260869565217
1.0317460317460319
1.0526315789473684
0.673728813559322
0.8050314465408805
0.6832298136645962
1.0512820512820513
1.0618556701030928
1.2075471698113207
1.1343283582089552
1.1940298507462686
0.7167832167832168
0.6633663366336634
0.9896907216494846
0.849624060150376
0.744
1.125984251968504
0.7933333333333333
0.8676470588235294
0.9012345679012346
1.0248447204968945
1.2209302325581395
0.8928571428571429
0.8170731707317073
0.6904761904761905
0.8134715025906736
0.8176100628930818
1.271186440677966
1.0186915887850467
1.1151079136690647
0.9548872180451128
0.8719512195121951
0.7564102564102564
0.9463414634146341
0.9646017699115044
0.676056338028169
0.8741258741258742
1.0655737704918034
0.926829268292683
0.9595959595959596
0.7551020408163265
0.8301886792452831
0.72
0.7974683544303798
0.9818181818181818
0.8509316770186336
0.7313432835820896
0.8305084745762712
0.7468354430379747
1.4
1.025
1.15
0.9065934065934066
0.9117647058823529
0.7242647058823529
0.8245614035087719
0.9354838709677419
0.7166666666666667
0.7414965986394558
0.9132231404958677
0.883495145631068
0.978494623655914
1.0142857142857142
1.0387596899224807
1.0246913580246915
0.9137931034482759
0.8217821782178217
0.7413793103448276
0.9913793103448276
1.2413793103448276
1.0333333333333334
1.1690140845070423
0.7246376811594203
0.8232931726907631
0.7134146341463414
1.1754385964912282
0.6703296703296703
0.7241379310344828
0.8679245283018868
0.7921348314606742
0.7176470588235294
0.8793103448275862
0.8050847457627118
0.7889908256880734
0.7563025210084033
0.7868852459016393
0.8685446009389671
0.9344262295081968
0.9468085106382979
0.7918552036199095
0.7904761904761904
0.9651162790697675
0.898989898989899
0.8205128205128205
0.6177777777777778
0.8347457627118644
1.1866197183098592
1.144736842105263
1.0451127819548873
0.6548042704626335
0.8588235294117647
0.89
0.64
0.7685185185185185
0.8287937743190662
0.8319327731092437
0.9304347826086956
0.7325581395348837
0.8878504672897196
0.8705882352941177
0.7746478873239436
0.8969072164948454
0.9047619047619048
0.8715596330275229
0.8273809523809523
0.9230769230769231
0.9484536082474226
0.8318181818181818
0.7980769230769231
1.2844036697247707
1.1724137931034482
0.9523809523809523
0.8725099601593626
0.8436363636363636
0.958974358974359
0.8357142857142857
0.8333333333333334
0.5833333333333334
0.7721518987341772
0.7681564245810056
0.7478510028653295
0.7395833333333334
0.9178082191780822
0.7762039660056658
0.6811023622047244
0.8764044943820225
0.8768115942028986
1.1440677966101696
0.8873239436619719
0.8256880733944955
0.7718309859154929
0.8166666666666667
0.8759124087591241
0.9056603773584906
0.9387755102040817
0.7744360902255639
0.7986111111111112
0.8611111111111112
0.7361111111111112
0.9146341463414634
0.8716216216216216
0.8014705882352942
0.8918918918918919
0.922077922077922
0.6490066225165563
1.076086956521739
1.1275167785234899
0.908256880733945
0.8133333333333334
0.7773972602739726
0.8767123287671232
0.8425925925925926
0.8389830508474576
0.944
0.9324324324324325
1.226890756302521
1.00990099009901
0.7802547770700637
0.8932584269662921
0.7745098039215687
0.7745454545454545
0.9793103448275862
0.8176470588235294
0.7178571428571429
0.8428571428571429
0.7318007662835249
0.8846153846153846
0.9694656488549618
0.8439716312056738
0.8725490196078431
1.1346153846153846
1.3846153846153846
1.0135135135135136
0.6627906976744186
0.9201680672268907
1.3396226415094339
0.9433962264150944
0.8983050847457628
0.8405797101449275
0.8345323741007195
0.798941798941799
0.8544776119402985
0.9571428571428572
0.9705882352941176
0.7226277372262774
0.8455284552845529
0.41935483870967744
0.9512195121951219
0.8323353293413174
0.7605633802816901
0.6818181818181818
0.8068181818181818
0.7801047120418848
0.6851851851851852
0.7560975609756098
0.8324607329842932
0.8732394366197183
0.7256637168141593
0.5726495726495726
1.0895522388059702
0.9866666666666667
0.5811965811965812
0.7441860465116279
0.8390804597701149
0.6380090497737556
0.9166666666666666
0.9947916666666666
0.9586206896551724
0.7916666666666666
0.7604166666666666
0.8854166666666666
0.7785234899328859
0.855072463768116
0.7096774193548387
1.2096774193548387
1.0892857142857142
0.9090909090909091
0.7477203647416414
0.7320261437908496
0.7831325301204819
0.7647058823529411
0.781021897810219
0.8354430379746836
0.9361702127659575
0.6983240223463687
1.3773584905660377
0.9389312977099237
0.7692307692307693
0.8493150684931506
0.8942307692307693
0.8390243902439024
0.8938053097345132
0.810126582278481
0.8821138211382114
0.7848101265822784
0.8151260504201681
0.7006802721088435
0.8313725490196079
0.981651376146789
0.8403361344537815
0.8384879725085911
0.7283950617283951
0.6721311475409836
0.652542372881356
0.9863013698630136
0.7488151658767772
0.7913669064748201
0.9927536231884058
1.0175438596491229
0.7952755905511811
0.9060402684563759
0.8863636363636364
0.7167630057803468
0.8379888268156425
0.6811594202898551
0.7419354838709677
0.9381443298969072
0.7592592592592593
0.8311688311688312
0.7089552238805971
0.8771929824561403
0.8731343283582089
1.65
0.948051948051948
0.8113207547169812
0.8322784810126582
0.8343949044585988
1.1538461538461537
1.1355932203389831
0.8287037037037037
0.8985507246376812
1.403361344537815
0.8712121212121212
0.7346938775510204
0.9024390243902439
0.7729468599033816
0.84
0.9391304347826087
0.7407407407407407
0.7300613496932515
1.0106382978723405
0.8636363636363636
0.8084112149532711
0.7761194029850746
0.7519685039370079
0.847457627118644
0.8130081300813008
0.7851851851851852
1.180327868852459
1.0136986301369864
0.7993197278911565
0.9542857142857143
0.5914893617021276
0.8165680473372781
0.61731843575419
0.8172043010752689
0.8961038961038961
0.9852941176470589
0.7352941176470589
0.9724770642201835
0.7927927927927928
0.7295597484276729
0.8016528925619835
0.784
0.7698744769874477
1.2857142857142858
0.7708333333333334
0.9583333333333334
0.8347826086956521
0.8692307692307693
0.9390243902439024
0.6908212560386473
0.7469879518072289
0.8451612903225807
1.0217391304347827
0.8257575757575758
0.7709923664122137
0.6834170854271356
0.8064516129032258
0.9104477611940298
1.1074380165289257
0.8494623655913979
0.8181818181818182
1.08
1.039647577092511
1.048780487804878
0.9710144927536232
0.8372093023255814
0.7669902912621359
0.7598425196850394
1.0983050847457627
1.1153846153846154
0.7821428571428571
0.777027027027027
0.6823529411764706
0.8344370860927153
0.6737588652482269
0.9636363636363636
0.8356164383561644
0.6804123711340206
1.027027027027027
0.7972972972972973
0.8844621513944223
0.7261410788381742
0.8851851851851852
0.7472527472527473
0.6989795918367347
0.7468879668049793
0.6574074074074074
1.0381679389312977
1.4489795918367347
0.7714285714285715
0.7948717948717948
0.7323943661971831
0.8378378378378378
0.7908496732026143
0.9323308270676691
0.8450704225352113
0.8235294117647058
0.8034188034188035
0.7737430167597765
1.173913043478261
1.1081081081081081
1.1048387096774193
0.9577464788732394
0.8131868131868132
0.8783783783783784
0.8412698412698413
0.8034682080924855
0.8888888888888888
0.7637795275590551
0.8739495798319328
0.8615384615384616
1.1388888888888888
0.7638888888888888
0.8112244897959183
0.8141592920353983
0.9787234042553191
0.918918918918919
0.8902439024390244
0.9333333333333333
0.9278350515463918
0.6413793103448275
0.8429319371727748
0.6833333333333333
1.4333333333333333
1.0149253731343284
0.8675496688741722
0.7304964539007093
0.7791411042944786
0.7657142857142857
0.7935483870967742
0.8940397350993378
0.7315436241610739
0.7169811320754716
0.8795180722891566
0.935064935064935
0.7421052631578947
0.8402366863905325
0.7900355871886121
0.9777777777777777
0.8439024390243902
0.7659574468085106
0.9506172839506173
0.6681818181818182
0.9181818181818182
0.9519230769230769
1.1126760563380282
0.9214876033057852
0.93
0.7677165354330708
0.8585858585858586
0.7674418604651163
0.8375634517766497
0.861244019138756
1.0178571428571428
0.8596491228070176
0.9240506329113924
0.7314814814814815
0.6807017543859649
0.7883211678832117
1.1428571428571428
1.328
1.105263157894737
0.7095238095238096
0.7433962264150943
0.7931034482758621
0.6354515050167224
0.6206896551724138
0.9763313609467456
0.8706896551724138
0.9482758620689655
1.0441176470588236
1.1066666666666667
0.7423312883435583
0.9339622641509434
0.7758620689655172
0.7945205479452054
0.8714285714285714
1.0315789473684212
1.103448275862069
0.7752808988764045
0.7753623188405797
0.7183098591549296
0.9310344827586207
0.8115942028985508
0.9315068493150684
0.9783783783783784
0.8309859154929577
0.7586206896551724
1.008849557522124
1.1162790697674418
1.0740740740740742
0.8533333333333334
0.8345864661654135
0.9615384615384616
1.0086206896551724
0.7909090909090909
0.7901234567901234
0.9901960784313726
0.8434782608695652
0.7357142857142858
1.056338028169014
0.7922077922077922
0.7217391304347827
0.9305555555555556
0.8055555555555556
1.0555555555555556
0.7757575757575758
0.8382352941176471
0.7185929648241206
0.9130434782608695
0.8365019011406845
0.7755102040816326
0.7751937984496124
0.8839779005524862
1.2054794520547945
1.1014492753623188
1.1507936507936507
0.8306451612903226
0.7913043478260869
0.959731543624161
1.1
1.0375
0.6862745098039216
1.037037037037037
1.0985915492957747
0.7252747252747253
0.96
0.7735849056603774
0.7807017543859649
1.21
0.9822222222222222
0.5819672131147541
0.8316831683168316
0.9221556886227545
0.7920792079207921
0.8095238095238095
0.8169934640522876
1.0595238095238095
1.017751479289941
1.0263157894736843
0.8571428571428571
0.7590361445783133
0.8543046357615894
0.8376068376068376
0.6829268292682927
0.8491620111731844
0.8823529411764706
0.7573529411764706
0.8905109489051095
0.7328767123287672
1.5961538461538463
0.907563025210084
0.8009478672985783
0.8861209964412812
0.756
0.8531468531468531
0.6853932584269663
0.9714285714285714
0.9538461538461539
0.957983193277311
0.8201754385964912
0.7608695652173914
0.7649402390438247
0.7741935483870968
1.2195121951219512
1.184873949579832
0.9444444444444444
0.8194444444444444
0.6422764227642277
1.1170212765957446
1.1944444444444444
0.904
0.7162790697674418
0.891156462585034
0.8152173913043478
0.8433734939759037
0.8486486486486486
0.8169014084507042
0.8685714285714285
0.7536231884057971
1.0212765957446808
1.0901639344262295
0.923728813559322
0.8012422360248447
0.9141104294478528
0.7583333333333333
0.8597122302158273
1.1333333333333333
1.4252873563218391
0.7195121951219512
0.8734939759036144
0.7305389221556886
0.8091603053435115
1.1777777777777778
0.8085106382978723
0.700374531835206
0.841726618705036
0.7339449541284404
1.2405498281786942
1.2222222222222223
0.8025210084033614
0.9508196721311475
0.8076923076923077
0.9402985074626866
1.3076923076923077
0.5598591549295775
0.8364779874213837
0.7837837837837838
1.1029411764705883
1.2037037037037037
1.5957446808510638
0.7093023255813954
0.6384364820846905
0.8699186991869918
0.8057553956834532
0.993103448275862
0.9644970414201184
0.8243243243243243
0.8454545454545455
1.0743243243243243
0.967391304347826
0.9291338582677166
0.717391304347826
0.8110599078341014
0.8066666666666666
0.8504672897196262
0.8490566037735849
1.1899441340782122
1.0894736842105264
0.7327935222672065
0.7738095238095238
0.9879518072289156
0.8303030303030303
0.8526785714285714
0.8026315789473685
0.8109090909090909
0.7662337662337663
0.6776315789473685
0.672514619883041
0.9113924050632911
0.8970588235294118
0.8860759493670886
0.8658536585365854
0.6470588235294118
0.6797385620915033
0.8072289156626506
0.9357142857142857
0.7189189189189189
0.7526881720430108
1.0434782608695652
1.715953307392996
0.7333333333333333
0.7555555555555555
0.9078947368421053
0.8742138364779874
0.4950980392156863
1.0607734806629834
1.0903954802259888
0.788235294117647
0.7912621359223301
0.832
0.7777777777777778
0.9027777777777778
0.9652777777777778
0.9789473684210527
0.8
0.8373493975903614
0.64375
0.7429467084639498
1.3
0.8431372549019608
0.7572815533980582
0.7806451612903226
0.8028673835125448
0.8683473389355743
0.8073394495412844
0.9672131147540983
0.9076923076923077
0.7397260273972602
0.9906542056074766
0.8695652173913043
0.6971428571428572
0.7631578947368421
0.7689530685920578
0.9411764705882353
0.6911764705882353
1.1135135135135135
1.16
1.1642857142857144
0.8587570621468926
0.9052631578947369
0.9510869565217391
0.8260869565217391
0.7473684210526316
0.9032258064516129
0.6061946902654868
0.8157894736842105
0.7479674796747967
0.8979591836734694
0.5657894736842105
0.8790697674418605
0.9382022471910112
1.0153846153846153
0.9689119170984456
0.8872180451127819
0.7073170731707317
0.868421052631579
1.0793650793650793
1.1945945945945946
1.0211267605633803
0.7801418439716312
0.740506329113924
0.6956521739130435
0.7682119205298014
0.7196652719665272
0.7787610619469026
0.719626168224299
0.8186046511627907
0.9316770186335404
0.7687074829931972
0.9733333333333334
0.8518518518518519
0.6526315789473685
0.8282208588957055
0.8505747126436781
0.9736842105263158
0.7711864406779662
0.6727272727272727
0.6533333333333333
0.7380952380952381
0.8156028368794326
0.9245283018867925
0.7039106145251397
0.746268656716418
0.7857142857142857
0.8314606741573034
0.7710843373493976
0.7724550898203593
0.9007633587786259
1.0508474576271187
0.7782426778242678
0.8283582089552238
0.9371069182389937
0.5982532751091703
0.8289473684210527
0.926605504587156
0.7684729064039408
1.052325581395349
0.8375
0.7125
0.7193675889328063
0.9126637554585153
0.6858974358974359
0.83
0.8926174496644296
0.4888888888888889
0.7854406130268199
0.35502958579881655
0.954954954954955
0.8723404255319149
1.0294117647058822
1.048
0.7510729613733905
0.9342105263157895
0.9053497942386831
0.9834254143646409
0.8092105263157895
0.9728260869565217
0.8367346938775511
0.8478260869565217
0.9259259259259259
0.8263157894736842
0.8805970149253731
0.7329545454545454
0.5341365461847389
0.9204545454545454
0.5454545454545454
0.7954545454545454
1.0454545454545454
0.7641509433962265
0.8072727272727273
0.6996336996336996
0.7894736842105263
0.7878787878787878
0.9144736842105263
0.8198757763975155
1.1703296703296704
0.8435374149659864
0.7058823529411765
0.967741935483871
0.746031746031746
0.717741935483871
0.7344398340248963
0.7538461538461538
1.1386861313868613
0.8756756756756757
0.9483870967741935
0.8689320388349514
0.8284789644012945
0.6625
0.7936507936507936
0.9174311926605505
0.8039772727272727
0.7727272727272727
0.8977272727272727
0.8947368421052632
0.771689497716895
0.8366013071895425
0.9588477366255144
0.8681318681318682
0.8146551724137931
0.7651515151515151
1.0151515151515151
0.7035573122529645
0.8923076923076924
0.7672413793103449
0.7198275862068966
0.45410628019323673
0.7768924302788844
0.8448275862068966
0.7639751552795031
0.934640522875817
0.7575757575757576
0.9481132075471698
0.7236024844720497
