0.75
1.075268817204301
1.253968253968254
1.203125
1.25
1.0
1.5
1.348148148148148
2.75
2.0
1.4526315789473685
1.28125
1.1953125
1.59375
1.828125
1.6015625
2.125
1.43
1.7456140350877194
1.68
1.3797101449275362
1.5405405405405406
1.4051724137931034
1.822085889570552
1.4375
1.359375
1.375
1.53125
1.515625
1.640625
1.75
1.2584269662921348
1.2842105263157895
1.625
1.1142857142857143
1.3057851239669422
1.4848484848484849
1.5161290322580645
1.3642857142857143
1.4892857142857143
0.9147727272727273
1.8211382113821137
1.6216216216216217
1.9655172413793103
1.7272727272727273
1.568421052631579
1.2285714285714286
1.694915254237288
1.532258064516129
1.3380281690140845
1.5582822085889572
1.5988372093023255
1.4339622641509433
1.3932584269662922
1.574468085106383
1.4234234234234233
1.3047337278106508
1.5432098765432098
1.0988372093023255
1.8956521739130434
1.193798449612403
1.5377358490566038
1.4545454545454546
1.4303797468354431
1.392156862745098
1.0377358490566038
1.8920454545454546
2.5323741007194243
2.1146496815286624
1.6814159292035398
1.7752808988764044
1.4947368421052631
1.7115384615384615
1.4615384615384615
1.696969696969697
1.6521739130434783
1.6415094339622642
1.2685714285714285
1.663265306122449
1.4470588235294117
1.1521739130434783
1.627659574468085
1.304932735426009
1.6049382716049383
1.5812807881773399
1.437956204379562
1.4393939393939394
1.6125
1.5777777777777777
1.4318181818181819
1.5568181818181819
1.338235294117647
1.5163934426229508
1.1818181818181819
1.546875
1.3125
1.6875
1.328125
1.65625
1.5390625
1.2265625
1.5625
1.15625
1.21875
1.3453237410071943
1.648936170212766
1.5753424657534247
1.518181818181818
1.6185567010309279
1.6381322957198443
1.9242424242424243
1.289855072463768
1.4210526315789473
1.558659217877095
1.6666666666666667
1.6979166666666667
1.3229166666666667
1.1666666666666667
1.4947916666666667
1.7751479289940828
1.2916666666666667
1.5194805194805194
1.5416666666666667
1.5045871559633028
1.3780487804878048
1.3466666666666667
1.2619047619047619
1.5965909090909092
1.1954887218045114
2.0754716981132075
2.284313725490196
1.6308724832214765
1.0075187969924813
1.4260869565217391
1.8101265822784811
1.5654008438818565
1.393103448275862
1.6796116504854368
1.7899159663865547
1.3770491803278688
1.2388059701492538
1.5084745762711864
1.6296296296296295
1.6363636363636365
1.1296296296296295
1.8863636363636365
1.7959183673469388
0.782608695652174
0.8703703703703703
0.7698412698412699
0.9879518072289156
0.8910891089108911
0.7090909090909091
1.4727272727272727
1.0155038759689923
1.2653061224489797
1.6433566433566433
1.5053191489361701
1.879120879120879
1.110236220472441
1.59
1.9420289855072463
1.34
1.0427350427350428
1.6564885496183206
1.2033898305084745
1.373134328358209
1.3975903614457832
1.1047619047619048
1.7
1.3267326732673268
1.4899328859060403
1.2
1.1744186046511629
1.271604938271605
1.95
1.3565217391304347
1.63
1.7444444444444445
1.7307692307692308
1.2307692307692308
1.7549019607843137
1.452887537993921
1.5797101449275361
2.3271028037383177
1.3421052631578947
1.8421052631578947
1.5327102803738317
1.3411764705882352
1.729559748427673
1.5797872340425532
1.5284552845528456
1.3277310924369747
1.5642857142857143
1.5815217391304348
1.3856209150326797
1.3626373626373627
1.4203821656050954
1.1263157894736842
1.4591836734693877
1.4554455445544554
0.9285714285714286
1.4639175257731958
1.6785714285714286
1.4285714285714286
1.2293577981651376
1.5447154471544715
1.5811320754716982
1.6885245901639345
1.507462686567164
1.4188034188034189
1.1048951048951048
1.150943396226415
1.6933333333333334
1.3979591836734695
1.1495327102803738
2.5238095238095237
1.4145077720207253
1.2795698924731183
1.2125435540069687
1.7710843373493976
1.9452054794520548
1.6470588235294117
1.5533333333333332
1.694736842105263
1.3626943005181347
1.2962962962962963
1.682170542635659
1.6705882352941177
1.5963855421686748
1.1571428571428573
1.6923076923076923
1.1923076923076923
1.3173076923076923
1.6762589928057554
1.2318840579710144
1.2567567567567568
1.7230769230769232
1.608695652173913
1.7777777777777777
1.3818181818181818
1.5277777777777777
0.8785046728971962
1.4857142857142858
1.9574468085106382
1.9801324503311257
1.4869565217391305
1.3741935483870968
1.372093023255814
1.6224489795918366
1.8222222222222222
1.4386792452830188
1.8666666666666667
1.3179190751445087
1.5747126436781609
1.4916666666666667
1.263157894736842
1.2233009708737863
1.358974358974359
1.6593406593406594
1.2924528301886793
1.3670886075949367
1.247191011235955
1.4215686274509804
1.186046511627907
0.8235294117647058
1.2903225806451613
1.565217391304348
1.3804347826086956
1.6037735849056605
1.5056179775280898
1.5106382978723405
1.6258503401360545
1.313953488372093
1.4956140350877194
1.7153284671532847
1.6231884057971016
1.531496062992126
1.1103896103896105
1.408450704225352
1.6103896103896105
1.4114583333333333
1.5402298850574712
1.5043478260869565
1.0879120879120878
0.8130841121495327
1.2788461538461537
1.8363636363636364
1.7426470588235294
1.9012345679012346
1.7793103448275862
1.4620938628158844
1.4038461538461537
1.6176470588235294
1.5319148936170213
1.2704918032786885
1.170940170940171
1.5953757225433527
1.7704918032786885
1.4736842105263157
1.3846153846153846
1.2268041237113403
1.5401069518716577
1.676056338028169
1.382716049382716
1.6157894736842104
2.0357142857142856
1.5138888888888888
0.7326732673267327
1.5851063829787233
1.2110091743119267
1.72
1.6859504132231404
1.7578947368421052
1.0851063829787233
1.305810397553517
1.4
1.2758620689655173
1.3505154639175259
1.65
1.9
1.2125
1.5702479338842976
1.7758620689655173
1.3375
1.18125
1.2413793103448276
1.6063829787234043
1.4444444444444444
1.2958579881656804
1.9548387096774194
1.4190476190476191
0.5142857142857142
0.7572254335260116
1.5862068965517242
1.1565217391304348
1.2935779816513762
1.6868686868686869
1.5142857142857142
1.7642857142857142
1.9262295081967213
1.488888888888889
1.3092105263157894
1.290909090909091
1.4685314685314685
1.6585365853658536
1.5509259259259258
1.7821782178217822
1.5333333333333334
1.9292929292929293
1.0333333333333334
1.2821782178217822
1.6770186335403727
1.3898305084745763
1.6031746031746033
1.7641509433962264
1.3943661971830985
1.3537414965986394
1.386138613861386
2.175438596491228
1.6285714285714286
1.3837209302325582
1.2058823529411764
1.5517241379310345
1.4141414141414141
1.7058823529411764
1.3933333333333333
1.6105263157894736
1.4846625766871167
1.2706766917293233
1.6884057971014492
1.1884057971014492
1.206896551724138
1.0731707317073171
1.6204379562043796
1.7428571428571429
1.9183673469387754
1.3545454545454545
1.5507246376811594
1.394736842105263
1.7843137254901962
1.3620689655172413
1.3877551020408163
1.644736842105263
1.547945205479452
1.6403508771929824
1.1414141414141414
1.6071428571428572
1.6619718309859155
1.4087591240875912
1.8609271523178808
1.608
1.5172413793103448
1.0368421052631578
1.8571428571428572
1.1789473684210525
1.1724137931034482
1.4230769230769231
1.6164383561643836
1.2980769230769231
1.4523809523809523
1.3089887640449438
1.2844036697247707
1.669172932330827
1.4840425531914894
0.8209876543209876
0.8804347826086957
0.8571428571428571
1.4244604316546763
1.1475409836065573
1.5465116279069768
1.2035398230088497
1.2702702702702702
1.6257309941520468
1.4142011834319526
1.3233532934131738
1.5222222222222221
1.4714285714285715
1.1875
1.5666666666666667
1.5046728971962617
1.315217391304348
1.6916666666666667
1.4056603773584906
1.5608108108108107
1.5783783783783785
1.4850746268656716
1.564102564102564
1.7102803738317758
1.4295774647887325
1.9236111111111112
1.7872340425531914
1.3308823529411764
1.1764705882352942
1.2299651567944252
1.1706484641638226
1.326086956521739
1.1868131868131868
1.0510204081632653
1.944
1.5925925925925926
1.3211009174311927
1.8425925925925926
1.5174825174825175
1.5510204081632653
1.1369863013698631
1.4324324324324325
1.6612903225806452
1.7372262773722629
1.537313432835821
1.1612903225806452
1.3650793650793651
1.1194029850746268
1.1401869158878504
1.56
1.06
1.6346153846153846
1.6344827586206896
1.7183908045977012
1.5135135135135136
1.489795918367347
1.4153846153846155
1.6774193548387097
1.5850340136054422
1.3544303797468353
1.4505494505494505
1.3983050847457628
1.671497584541063
1.2214285714285715
1.4603174603174602
0.29457364341085274
1.67
1.528735632183908
1.451219512195122
1.42
1.523076923076923
1.6935483870967742
1.546218487394958
1.619047619047619
1.5609756097560976
1.1548387096774193
1.4782608695652173
1.171641791044776
1.2530120481927711
1.6444444444444444
1.4367088607594938
1.197879858657244
1.744186046511628
0.9685534591194969
1.3658536585365855
1.7142857142857142
1.2142857142857142
1.3592233009708738
1.3868613138686132
1.7086092715231789
1.7096774193548387
1.4486486486486487
1.6517857142857142
1.8658536585365855
1.3773584905660377
1.783132530120482
1.7647058823529411
1.4413793103448276
1.515923566878981
1.1975308641975309
1.6083333333333334
1.4774774774774775
1.4833333333333334
1.4811320754716981
1.7882352941176471
1.3296703296703296
1.4415584415584415
1.5849056603773586
1.2419354838709677
1.3471074380165289
1.5229357798165137
1.5930232558139534
1.4428571428571428
1.7419354838709677
1.3842592592592593
1.9428571428571428
1.4893617021276595
0.8888888888888888
1.736842105263158
1.1
1.4081632653061225
1.5110132158590308
1.6538461538461537
1.8852459016393444
1.4814814814814814
2.1025641025641026
1.6242774566473988
1.3571428571428572
2.1797752808988764
1.4025157232704402
1.062015503875969
1.2416107382550337
1.3157894736842106
1.5894736842105264
1.3416149068322982
1.6375838926174497
1.5512820512820513
1.4454545454545455
1.1304347826086956
1.1574803149606299
1.1523809523809523
1.5941176470588236
1.6338028169014085
1.2149532710280373
1.347457627118644
2.123076923076923
1.5072463768115942
1.2658227848101267
0.8876404494382022
1.4205607476635513
1.53551912568306
1.429530201342282
1.7741935483870968
1.816568047337278
1.7087378640776698
1.6226415094339623
1.3524229074889869
1.2352941176470589
1.4852941176470589
1.7640449438202248
2.440944881889764
2.0166666666666666
1.7914110429447854
1.0701754385964912
1.7666666666666666
1.7857142857142858
1.309278350515464
1.6434782608695653
1.4107142857142858
1.1607142857142858
1.6341463414634145
1.5982142857142858
1.6607142857142858
1.4067796610169492
1.2857142857142858
1.1791044776119404
0.9532163742690059
1.0568181818181819
1.2839506172839505
1.8689655172413793
1.4390243902439024
1.4158415841584158
1.630952380952381
2.0217391304347827
1.3064516129032258
1.4329896907216495
1.3366336633663367
1.6170212765957446
1.4313725490196079
1.4952380952380953
1.352112676056338
1.4678899082568808
1.9661016949152543
1.4485981308411215
2.032608695652174
1.58
1.345679012345679
1.5411764705882354
1.6455696202531647
1.76
1.3225806451612903
1.8344827586206895
1.3653846153846154
1.401639344262295
1.6603773584905661
1.4086021505376345
1.44
1.78343949044586
1.2403846153846154
1.7212121212121212
1.4191919191919191
1.1967213114754098
1.4368932038834952
1.462686567164179
1.4173913043478261
1.5443037974683544
1.4771573604060915
1.1444444444444444
1.619718309859155
1.4489795918367347
1.4488188976377954
1.4035087719298245
1.1914893617021276
1.9416058394160585
2.4489795918367347
2.1610169491525424
1.8548387096774193
1.5735294117647058
1.6741573033707866
1.7936507936507937
1.4186046511627908
1.6464646464646464
1.0991735537190082
1.8041237113402062
1.3235294117647058
1.3450704225352113
1.3888888888888888
1.8784313725490196
1.744360902255639
1.6486486486486487
1.6388888888888888
1.5148514851485149
1.5551330798479088
1.416
2.0847457627118646
1.690909090909091
1.2097902097902098
1.684782608695652
1.1891891891891893
1.4391891891891893
1.5573770491803278
1.4829931972789117
1.1833333333333333
1.4333333333333333
1.2203389830508475
0.43349753694581283
0.934156378600823
0.8921568627450981
0.9787234042553191
0.7988165680473372
1.8264462809917354
1.3524590163934427
1.7785714285714285
1.7009345794392523
1.1981132075471699
1.7297297297297298
1.5285714285714285
1.5154639175257731
1.0769230769230769
1.3835616438356164
1.2659574468085106
1.8210526315789475
1.6140350877192982
1.3269230769230769
1.3601190476190477
1.2933333333333332
1.5769230769230769
1.8928571428571428
1.4731182795698925
1.2327586206896552
1.3596491228070176
1.3928571428571428
1.2674418604651163
1.6076923076923078
1.6428571428571428
1.5980392156862746
1.1503267973856208
1.1379310344827587
1.5671641791044777
1.4492753623188406
1.1794871794871795
1.105263157894737
1.2087912087912087
1.3622047244094488
0.989247311827957
1.4580645161290322
1.4184100418410042
1.6543778801843319
1.1454545454545455
1.6454545454545455
1.43801652892562
1.0816326530612246
2.12751677852349
1.2571428571428571
1.4482758620689655
1.7313432835820894
1.7289719626168225
1.6982758620689655
1.7078651685393258
1.2820512820512822
0.8714285714285714
1.702970297029703
1.603448275862069
1.0127388535031847
1.5869565217391304
1.1533742331288344
1.8245614035087718
1.3404255319148937
1.353846153846154
1.3714285714285714
1.5413533834586466
0.8581560283687943
1.5740740740740742
1.2166666666666666
1.9568345323741008
1.6725663716814159
1.0740740740740742
1.1162790697674418
1.3795180722891567
1.3414634146341464
1.4315068493150684
1.7586206896551724
1.116504854368932
1.709090909090909
1.2281879194630871
1.7064220183486238
1.5257731958762886
2.0384615384615383
2.1466666666666665
1.4137931034482758
1.5737704918032787
1.7747747747747749
1.5555555555555556
1.158878504672897
1.6180555555555556
1.3061224489795917
1.5075376884422111
1.3163841807909604
1.2515337423312884
1.1811023622047243
1.5689655172413792
1.1805555555555556
0.933649289099526
1.5795454545454546
1.8920863309352518
1.4297520661157024
1.6
2.169491525423729
2.1
1.5044247787610618
1.5251396648044693
1.9363636363636363
1.7176470588235293
1.6638655462184875
1.3246753246753247
1.9035532994923858
1.62015503875969
1.117283950617284
1.530701754385965
1.4326241134751774
1.2411764705882353
1.7411764705882353
1.280701754385965
1.9651162790697674
1.7735849056603774
0.8153846153846154
0.9813084112149533
1.298804780876494
1.5263157894736843
1.1902654867256637
1.8153846153846154
1.2763157894736843
1.64
1.7295081967213115
1.7763157894736843
1.3694581280788178
1.6534653465346534
1.6946564885496183
1.5073529411764706
1.2328767123287672
1.4047619047619047
1.2790697674418605
1.483221476510067
1.2792792792792793
1.3741496598639455
1.582010582010582
1.5267857142857142
0.889763779527559
1.4367816091954022
1.2409638554216869
1.6931818181818181
1.4772727272727273
1.4311926605504588
1.4068627450980393
1.565891472868217
1.662162162162162
1.596938775510204
1.7236842105263157
1.3980099502487562
1.3896103896103895
1.2751677852348993
1.2792207792207793
1.4912280701754386
1.7792207792207793
1.752808988764045
1.4045801526717556
1.5784313725490196
1.8833333333333333
1.8113207547169812
1.6021505376344085
1.5083333333333333
1.1512605042016806
2.3597122302158273
1.1333333333333333
1.2195121951219512
1.3775510204081634
1.205128205128205
1.5425531914893618
1.7195121951219512
1.3018867924528301
1.162162162162162
1.891304347826087
1.7222222222222223
1.118279569892473
1.391304347826087
1.2222222222222223
1.4728682170542635
1.6385542168674698
1.9722222222222223
1.274390243902439
1.268041237113402
1.3076923076923077
1.6826923076923077
1.288659793814433
1.8174603174603174
1.3908045977011494
1.7037037037037037
1.4491017964071857
1.439252336448598
1.7837837837837838
1.2980132450331126
1.0223880597014925
1.1478260869565218
1.3098591549295775
1.3243243243243243
1.4395604395604396
1.8455284552845528
1.5260869565217392
1.1134751773049645
1.3375796178343948
1.2452830188679245
1.6973684210526316
1.4102564102564104
0.8648648648648649
1.5414012738853504
1.3982300884955752
1.6851851851851851
1.6779661016949152
1.1020408163265305
1.4014598540145986
1.4761904761904763
1.277602523659306
1.1851851851851851
1.1941747572815533
0.9464285714285714
1.5714285714285714
1.2365591397849462
1.5089285714285714
1.7365591397849462
1.5538461538461539
1.9054054054054055
1.1964285714285714
1.3287671232876712
1.584070796460177
1.3736842105263158
1.550660792951542
1.5982905982905984
1.3834586466165413
1.9113924050632911
1.633587786259542
1.5434782608695652
1.912280701754386
1.2216748768472907
1.7526881720430108
1.7469135802469136
1.1485148514851484
1.7372881355932204
1.3942307692307692
1.7692307692307692
1.2450980392156863
1.3169398907103824
1.1578947368421053
1.8
1.175
1.7863247863247864
1.1125
1.2830188679245282
1.425
1.728395061728395
1.05
1.2375
1.3
1.308641975308642
1.73
1.3952380952380952
1.8865979381443299
1.9672131147540983
2.389261744966443
1.2234042553191489
1.6024096385542168
1.7966101694915255
1.2945736434108528
1.198019801980198
1.5206611570247934
1.7849462365591398
1.41
1.4411764705882353
1.2929936305732483
0.9777777777777777
1.7446808510638299
1.0153846153846153
1.7853107344632768
1.2654867256637168
1.761467889908257
2.096
1.7263157894736842
1.4024390243902438
1.3703703703703705
1.3636363636363635
1.1136363636363635
1.8636363636363635
1.886255924170616
1.2073170731707317
1.1890547263681592
1.2040816326530612
1.6136363636363635
1.308411214953271
1.2992125984251968
1.3870967741935485
1.367816091954023
1.8190954773869348
1.7532467532467533
1.4456521739130435
1.7464788732394365
1.5121951219512195
1.3278688524590163
1.3164556962025316
1.3203883495145632
1.6694214876033058
1.6229508196721312
1.1456953642384107
1.5739130434782609
1.0045454545454546
1.3170731707317074
1.6526315789473685
1.7310344827586206
1.496969696969697
1.2380952380952381
1.6533333333333333
1.2663755458515285
1.5426008968609866
1.7159090909090908
1.3409090909090908
1.3333333333333333
1.0833333333333333
1.2923076923076924
1.6145833333333333
1.0208333333333333
1.5971223021582734
1.9895833333333333
1.4583333333333333
1.3958333333333333
1.8333333333333333
1.5833333333333333
1.2083333333333333
1.7395833333333333
1.5757575757575757
1.302325581395349
1.1864406779661016
1.2039473684210527
1.8027210884353742
1.8257575757575757
1.5789473684210527
1.351063829787234
1.3289473684210527
1.9836065573770492
1.8181818181818181
1.161764705882353
1.1797235023041475
1.6171428571428572
1.5906735751295338
1.8930817610062893
1.411764705882353
1.0076923076923077
1.2030075187969924
1.5294117647058822
1.6708860759493671
1.400990099009901
1.0384615384615385
1.4134615384615385
1.3478260869565217
1.5052631578947369
1.3372093023255813
1.6634615384615385
1.2884615384615385
1.357843137254902
1.7246376811594204
1.543859649122807
1.4516129032258065
1.3503649635036497
1.4204545454545454
1.5696202531645569
1.5454545454545454
1.2816901408450705
1.2878787878787878
1.5070422535211268
1.6703296703296704
1.3442622950819672
1.5638297872340425
1.431578947368421
1.7714285714285714
1.1359223300970873
1.2803030303030303
1.9855072463768115
2.5214285714285714
0.7727272727272727
1.4879725085910653
1.2727272727272727
1.3652173913043477
1.446808510638298
1.7846153846153847
1.1477272727272727
1.532846715328467
1.3783783783783783
1.8306451612903225
1.2685185185185186
1.0151515151515151
1.3902439024390243
1.4752475247524752
1.5185185185185186
1.4838709677419355
1.7468354430379747
1.5657142857142856
1.2450331125827814
1.5911949685534592
1.4594594594594594
1.2543859649122806
1.5339805825242718
