0.875
1.640625
2.0625
1.1940298507462686
1.34375
1.15625
2.4375
2.25
1.0
1.375
1.5
1.71875
1.125
1.28125
0.9375
1.21875
1.40625
1.3125
1.4765625
1.140625
1.25
1.46875
1.2109375
1.0625
1.265625
1.5625
1.2842105263157895
1.3103448275862069
1.5810810810810811
1.261437908496732
1.376068376068376
1.142156862745098
1.392156862745098
1.1453900709219857
1.564102564102564
1.064102564102564
1.1796875
1.3671875
1.390625
1.359375
1.75
1.1875
1.09375
1.234375
1.2421875
1.2890625
1.2277227722772277
1.7076923076923076
1.248
1.0340909090909092
1.4090909090909092
1.1590909090909092
1.160621761658031
1.2926829268292683
0.9740932642487047
0.7277936962750716
0.9746835443037974
0.5070921985815603
2.129032258064516
1.3604651162790697
1.3605442176870748
1.2377049180327868
1.2717948717948717
1.0218978102189782
1.3421052631578947
0.9565217391304348
1.4565217391304348
1.917808219178082
1.1971830985915493
1.1263157894736842
1.097902097902098
1.3035714285714286
1.150943396226415
1.4105263157894736
1.2518518518518518
1.2795698924731183
1.0462962962962963
1.2962962962962963
1.0673076923076923
1.4423076923076923
1.1923076923076923
1.0963855421686748
1.1638418079096045
1.358695652173913
1.0853658536585367
1.505050505050505
1.6119402985074627
1.1962616822429906
0.9924242424242424
1.2424242424242424
1.0405405405405406
1.0119760479041917
1.2253521126760563
1.6037735849056605
1.5405405405405406
1.6551724137931034
0.9420289855072463
0.8604651162790697
1.0588235294117647
1.3164556962025316
1.3027522935779816
1.0761904761904761
1.683168316831683
1.448051948051948
1.331578947368421
1.1508379888268156
1.0204918032786885
1.7704918032786885
1.2608695652173914
1.2564102564102564
1.0655737704918034
1.3137254901960784
1.0397350993377483
1.330188679245283
1.095808383233533
1.5636363636363637
1.4
1.2125
1.9
1.15
1.9625
2.4
1.3375
1.11875
1.025
1.275
1.4444444444444444
1.3819444444444444
1.9444444444444444
1.1319444444444444
1.1842105263157894
1.4342105263157894
1.4742268041237114
1.6842105263157894
1.6585365853658536
1.2833333333333334
1.1583333333333334
1.0333333333333334
1.1690140845070423
1.4946236559139785
1.4945454545454546
1.7058823529411764
1.9558823529411764
1.4558823529411764
1.4141414141414141
1.176923076923077
0.992
1.2526315789473683
1.4766355140186915
1.3557046979865772
1.1958041958041958
1.2227979274611398
1.3205128205128205
1.4675324675324675
1.8571428571428572
1.4821428571428572
1.3571428571428572
1.3393939393939394
1.1071428571428572
1.2321428571428572
1.2892561983471074
1.2340425531914894
0.7386363636363636
1.3018867924528301
1.3866666666666667
1.2990654205607477
1.011764705882353
1.328125
1.3046875
1.296875
1.484375
1.315217391304348
1.0721649484536082
1.190217391304348
1.120879120879121
1.509433962264151
1.309090909090909
1.084
1.3918918918918919
1.180952380952381
1.548148148148148
1.6451612903225807
1.3535353535353536
1.5813953488372092
1.3032786885245902
1.1925133689839573
1.972972972972973
1.3846153846153846
1.2596153846153846
1.8846153846153846
1.151624548736462
1.165289256198347
1.1955555555555555
1.1346153846153846
1.3735632183908046
1.3232323232323233
1.365
1.3522012578616351
1.2173913043478262
1.1839080459770115
1.0670103092783505
1.0895522388059702
1.3829787234042554
1.7160493827160495
1.1236559139784945
1.2096774193548387
1.108910891089109
1.2805755395683454
1.183673469387755
1.1494252873563218
1.1408450704225352
0.873015873015873
1.346820809248555
1.2181818181818183
1.152542372881356
1.0056497175141244
1.2376237623762376
0.9236111111111112
1.2584269662921348
1.8987341772151898
1.3987341772151898
1.3376623376623376
1.2929577464788733
1.643835616438356
1.1555555555555554
1.1047619047619048
1.27
1.4059405940594059
2.1538461538461537
1.6228571428571428
1.0618556701030928
1.7407407407407407
1.0923076923076922
1.2061068702290076
1.2519685039370079
1.2427184466019416
1.2937062937062938
1.184873949579832
1.2280701754385965
1.3582089552238805
1.2741935483870968
1.2352941176470589
1.174757281553398
1.441860465116279
1.2857142857142858
1.3482142857142858
1.0982142857142858
1.1607142857142858
1.0357142857142858
1.7857142857142858
1.5217391304347827
1.0217391304347827
1.8360655737704918
1.1074380165289257
1.2808988764044944
1.4967320261437909
1.33
1.1942446043165467
1.1653543307086613
1.510204081632653
1.2681992337164751
1.6603773584905661
0.9636363636363636
1.3387096774193548
1.9636363636363636
1.2137096774193548
1.164319248826291
1.173913043478261
1.3689320388349515
1.3888888888888888
1.5138888888888888
1.6388888888888888
1.064748201438849
2.138888888888889
1.4155844155844155
0.6052631578947368
0.9814814814814815
0.9146341463414634
0.9038461538461539
0.7323232323232324
1.0196078431372548
1.3130434782608695
2.8684210526315788
0.8269230769230769
1.5769230769230769
1.3269230769230769
1.0769230769230769
1.2019230769230769
1.1056910569105691
1.5671641791044777
1.0633802816901408
1.3177570093457944
1.2571428571428571
1.2094395280235988
1.822695035460993
1.3406593406593406
1.2541436464088398
1.7866666666666666
1.2014925373134329
1.4096385542168675
1.641025641025641
1.2901554404145077
1.3700787401574803
1.1638655462184875
1.238341968911917
1.6787878787878787
1.265
1.125925925925926
1.64
1.39
1.14
1.1547619047619047
0.95
1.1022727272727273
1.2153846153846153
1.9655172413793103
1.098159509202454
1.2272727272727273
1.2
1.1214953271028036
1.0125
1.3875
1.2136752136752136
1.3768115942028984
1.1887755102040816
1.4387755102040816
1.0615384615384615
1.1443298969072164
1.1064425770308124
1.1568627450980393
1.2027027027027026
1.2417582417582418
1.3294117647058823
1.3174603174603174
1.2043010752688172
1.2875816993464053
1.1440329218106995
1.5337837837837838
1.2837837837837838
1.1353383458646618
1.2337662337662338
1.5054945054945055
1.864864864864865
1.1446280991735538
0.9358490566037736
1.0560747663551402
1.2296296296296296
1.5490196078431373
1.5360824742268042
0.8287671232876712
1.1065573770491803
1.1391752577319587
1.1124260355029585
1.2740740740740741
1.1857142857142857
1.162280701754386
1.2692307692307692
1.5192307692307692
0.964824120603015
1.2830188679245282
1.6027397260273972
1.48
1.308641975308642
1.4895104895104896
1.23
1.4411764705882353
1.1911764705882353
0.9655172413793104
0.9722222222222222
0.9552238805970149
1.118811881188119
1.5272727272727273
1.4277456647398843
0.7126436781609196
1.6136363636363635
1.3636363636363635
1.2126436781609196
0.7532467532467533
1.2475247524752475
1.1781609195402298
1.4883720930232558
1.3333333333333333
1.8333333333333333
1.2708333333333333
1.5833333333333333
1.1145833333333333
1.1010452961672474
1.2083333333333333
1.1770833333333333
1.0833333333333333
1.1083743842364533
1.1693548387096775
1.4193548387096775
1.1864406779661016
1.3777777777777778
1.3134328358208955
1.4065934065934067
1.3673469387755102
1.2457627118644068
1.303030303030303
1.228
1.2816901408450705
1.5070422535211268
1.3442622950819672
1.305084745762712
1.232394366197183
1.4477611940298507
1.3977272727272727
1.2727272727272727
1.2048192771084338
1.0458715596330275
1.3974358974358974
1.4822695035460993
1.2543859649122806
0.8741258741258742
1.0816326530612246
1.2735042735042734
1.6206896551724137
1.2474226804123711
1.3984962406015038
1.2285714285714286
2.0144927536231885
1.0495049504950495
1.2801556420233462
2.032258064516129
2.8076923076923075
1.469387755102041
1.6142857142857143
1.271523178807947
1.2205882352941178
1.2292682926829268
1.4173228346456692
1.6721311475409837
1.1296296296296295
0.7887323943661971
0.9541666666666667
0.8828828828828829
0.816
0.900355871886121
0.7795527156549521
1.0256410256410255
1.704225352112676
1.3357142857142856
1.0857142857142856
1.0097087378640777
1.2033898305084745
1.1301587301587301
1.38
1.425414364640884
1.2093023255813953
1.3979591836734695
1.3220338983050848
1.0254957507082152
1.3397435897435896
1.417857142857143
1.1470588235294117
1.6470588235294117
1.472
1.3970588235294117
1.2303370786516854
1.2567567567567568
1.7567567567567568
1.5277777777777777
1.2230769230769232
1.7777777777777777
1.2777777777777777
1.1527777777777777
1.4027777777777777
1.3614457831325302
1.337837837837838
1.3666666666666667
1.1166666666666667
1.1554404145077721
1.2481751824817517
1.2416666666666667
1.9111111111111112
0.9621212121212122
1.2105263157894737
1.4929577464788732
1.319327731092437
1.036697247706422
1.5432098765432098
1.1557377049180328
1.2121212121212122
1.1343283582089552
1.3300970873786409
1.0265486725663717
1.1538461538461537
1.0288461538461537
1.2113821138211383
1.1904761904761905
1.219298245614035
1.2848837209302326
1.2244897959183674
1.2758620689655173
1.7758620689655173
1.069767441860465
1.6422764227642277
1.4307692307692308
1.5562913907284768
1.1810344827586208
1.1759259259259258
1.0337078651685394
1.1204819277108433
1.2413793103448276
1.1532846715328466
1.4259259259259258
1.896551724137931
1.6031746031746033
1.396551724137931
1.2641509433962264
1.1297709923664123
2.5641025641025643
1.2179487179487178
1.12987012987013
1.5517241379310345
1.2686567164179106
1.5733333333333333
1.2146596858638743
1.206896551724138
1.0592592592592593
1.5507246376811594
1.3302752293577982
1.1403508771929824
1.5172413793103448
1.1724137931034482
1.7066666666666668
0.9583333333333334
0.9897959183673469
0.7070063694267515
1.1475409836065573
1.4714285714285715
1.054945054945055
1.1324503311258278
1.6764705882352942
1.1764705882352942
1.4264705882352942
1.4371859296482412
1.2063492063492063
1.0889830508474576
1.5510204081632653
1.2028985507246377
1.1728395061728396
1.3953488372093024
1.537313432835821
1.31
1.56
1.4225352112676057
1.9433962264150944
1.1185185185185185
1.0656565656565657
1.10752688172043
1.1935483870967742
1.119047619047619
1.0430622009569377
1.1548387096774193
1.3805309734513274
1.2086092715231789
1.9361702127659575
1.2347826086956522
1.1975308641975309
1.3471074380165289
1.193798449612403
1.3697478991596639
1.4545454545454546
1.0921985815602837
1.5483870967741935
1.9545454545454546
1.0795454545454546
2.1186440677966103
1.1496350364963503
1.456140350877193
2.0833333333333335
3.0789473684210527
1.1984732824427482
1.3251231527093597
1.0317460317460319
1.091503267973856
1.123076923076923
1.0479041916167664
1.0072463768115942
1.5072463768115942
2.0136986301369864
1.2666666666666666
1.2197802197802199
1.0166666666666666
1.2876712328767124
1.4390243902439024
1.3555555555555556
1.6422018348623852
1.1919191919191918
1.2771084337349397
1.3225806451612903
1.1594202898550725
1.4864864864864864
1.1560283687943262
1.256198347107438
1.4035087719298245
1.2472527472527473
1.077922077922078
1.1486486486486487
1.2021857923497268
1.1095890410958904
1.0704225352112675
1.4691358024691359
1.1313131313131313
1.5943396226415094
1.0149253731343284
0.9911111111111112
0.8931623931623932
0.9473684210526315
0.55625
0.9625
0.9310344827586207
1.3008130081300813
1.2562277580071175
1.2297297297297298
1.3835616438356164
1.0476190476190477
1.7976190476190477
1.1076923076923078
1.1004366812227073
1.0980392156862746
1.9180327868852458
1.105263157894737
1.1680327868852458
1.355263157894737
1.2783505154639174
1.1454545454545455
1.0622222222222222
1.2295719844357977
1.3894736842105264
1.6238532110091743
1.1066666666666667
1.2317073170731707
1.8245614035087718
1.4938271604938271
1.3714285714285714
1.0707070707070707
1.3533834586466165
1.1446540880503144
1.375886524822695
1.2835820895522387
1.3061224489795917
1.1746987951807228
1.263681592039801
1.2735849056603774
1.5263157894736843
1.4794520547945205
1.2763157894736843
1.3153846153846154
1.6323529411764706
1.1159420289855073
1.217877094972067
0.8836206896551724
1.4615384615384615
1.4126984126984128
1.103225806451613
1.0865384615384615
1.1782178217821782
1.2115384615384615
1.1627906976744187
1.4285714285714286
1.2293577981651376
1.1048951048951048
1.019047619047619
1.0212765957446808
1.4081632653061225
1.8133333333333332
1.3663366336633664
1.1168831168831168
1.3789473684210527
1.4475524475524475
1.2745098039215685
1.268041237113402
1.3428571428571427
1.0459770114942528
1.0957446808510638
1.2459016393442623
1.1478260869565218
1.1973684210526316
1.4941176470588236
1.023076923076923
1.2261904761904763
1.1011904761904763
1.2654320987654322
1.231578947368421
1.0057142857142858
1.2517985611510791
1.1702127659574468
1.343915343915344
1.4202898550724639
1.106508875739645
1.1551020408163266
0.8
1.175
1.2375
1.8
1.55
1.05
1.3
1.425
1.3444444444444446
1.4448979591836735
0.9322033898305084
1.0842105263157895
1.2411347517730495
0.9666666666666667
0.9705882352941176
0.58
0.8533333333333334
0.9043478260869565
1.2346938775510203
1.2446808510638299
1.3566433566433567
1.3417721518987342
1.7446808510638299
2.0588235294117645
1.368421052631579
1.0793650793650793
1.1798561151079137
1.606060606060606
1.240506329113924
1.4915254237288136
0.7611940298507462
1.2100840336134453
1.1745283018867925
1.1533333333333333
1.2605042016806722
1.1308411214953271
1.1297297297297297
1.5757575757575757
1.0140845070422535
2.1320754716981134
2.0140845070422535
1.2210526315789474
1.161764705882353
1.286764705882353
1.048
1.278688524590164
1.348314606741573
1.3372093023255813
1.0872093023255813
1.2954545454545454
1.5454545454545454
1.0454545454545454
0.7894736842105263
1.9350649350649352
1.2894736842105263
1.7894736842105263
1.3419689119170986
1.0066666666666666
1.4831460674157304
1.2657342657342658
1.2714285714285714
1.7714285714285714
1.3312302839116719
1.303921568627451
1.0736842105263158
1.3902439024390243
1.5151515151515151
1.2375690607734806
1.4698795180722892
1.4594594594594594
1.3962264150943395
0.8672566371681416
1.647887323943662
1.127659574468085
1.1049382716049383
1.2423076923076923
1.1073446327683616
1.4393939393939394
2.127659574468085
1.3216783216783217
1.1407407407407408
1.5274725274725274
2.4054054054054053
1.5301204819277108
1.196078431372549
1.282258064516129
1.129251700680272
1.1420118343195267
1.2045454545454546
1.275735294117647
1.838235294117647
1.338235294117647
0.9859154929577465
1.1992619926199262
1.4242424242424243
1.2112676056338028
1.5084745762711864
1.391812865497076
1.1853932584269662
1.381578947368421
1.2553191489361701
1.1582278481012658
1.2653061224489797
1.0642201834862386
1.032967032967033
1.0677966101694916
1.113821138211382
1.325
1.95
1.1375
1.7
1.0748663101604279
1.45
1.2625
1.075
1.2444444444444445
1.2522522522522523
1.3297872340425532
1.281081081081081
1.2967032967032968
1.2473118279569892
1.2345679012345678
1.0483091787439613
1.5238095238095237
1.1495327102803738
1.2071005917159763
1.5058823529411764
1.5526315789473684
1.2988505747126438
1.3026315789473684
1.7540983606557377
1.4042553191489362
1.0533333333333332
1.1571428571428573
1.0491803278688525
1.6390977443609023
1.475609756097561
1.3580246913580247
1.6336633663366336
1.5918367346938775
1.5747126436781609
1.4787234042553192
1.2298850574712643
1.2015810276679841
1.1090909090909091
1.2341463414634146
1.1830985915492958
0.8527131782945736
1.2784810126582278
1.9318181818181819
1.588235294117647
1.1818181818181819
1.4579439252336448
1.5777777777777777
1.3655913978494623
1.4452054794520548
1.4576271186440677
1.6756756756756757
1.0879120879120878
1.1274900398406376
0.6176470588235294
1.6176470588235294
1.1176470588235294
1.1846153846153846
1.4736842105263157
1.9736842105263157
1.0533980582524272
1.2268041237113403
1.4854368932038835
1.7945205479452055
1.1504424778761062
1.1938775510204083
0.8837209302325582
1.3855421686746987
1.2682926829268293
1.3761467889908257
1.3545454545454545
0.8247422680412371
1.144736842105263
1.894736842105263
1.0819672131147542
1.0847457627118644
1.4019607843137254
1.0759493670886076
1.6164383561643836
1.0240963855421688
1.4523809523809523
1.2023809523809523
0.7906976744186046
0.660377358490566
1.217142857142857
1.1440677966101696
1.9850746268656716
1.141732283464567
1.1215686274509804
1.1692307692307693
1.1549295774647887
1.3116883116883118
1.276190476190476
1.3241379310344827
1.4324324324324325
1.380281690140845
1.9209302325581394
1.5135135135135136
1.3650793650793651
1.6774193548387097
1.2636363636363637
0.7441860465116279
1.5609756097560976
1.2440944881889764
1.1682242990654206
1.188118811881188
1.2333333333333334
1.5245901639344261
1.1130434782608696
1.2251655629139073
1.2212389380530972
1.4415584415584415
1.9863013698630136
1.8311688311688312
0.9210526315789473
1.4210526315789473
1.5753424657534247
1.5806451612903225
1.010948905109489
1.277056277056277
1.1207729468599035
1.0864197530864197
1.172093023255814
1.148936170212766
1.0578034682080926
2.1470588235294117
1.0920245398773005
1.3129251700680271
1.0571428571428572
1.0856031128404668
1.0392156862745099
1.1447963800904977
1.5866666666666667
1.2871287128712872
1.2117647058823529
1.5342465753424657
1.0638297872340425
1.144927536231884
1.063063063063063
1.2302158273381294
1.0564516129032258
1.3064516129032258
1.4175824175824177
1.3082191780821917
1.4313725490196079
1.4385964912280702
1.172972972972973
1.5774647887323943
1.0566037735849056
1.5566037735849056
1.44
1.3815028901734103
1.080536912751678
1.7047619047619047
1.6046511627906976
1.158273381294964
1.5735294117647058
1.3235294117647058
1.180722891566265
1.1115384615384616
1.2203389830508475
1.1339712918660287
0.9191919191919192
0.4864864864864865
0.9791666666666666
1.3737373737373737
1.8524590163934427
1.2933333333333332
1.3275862068965518
1.4181818181818182
1.8275862068965518
1.0940170940170941
1.0863309352517985
1.1294117647058823
1.0815450643776825
1.4827586206896552
1.1379310344827587
1.0994152046783625
2.0283018867924527
1.2820512820512822
1.1570512820512822
1.3968253968253967
1.103448275862069
1.2358490566037736
2.402061855670103
1.0740740740740742
1.3240740740740742
1.3795180722891567
1.7586206896551724
1.3131313131313131
1.4137931034482758
1.0689655172413792
0.7755102040816326
1.7755102040816326
1.2241379310344827
1.7241379310344827
1.4304932735426008
1.1045296167247387
2.2576687116564416
1.101123595505618
1.1014492753623188
0.905
1.28
1.2025316455696202
1.2411764705882353
1.280701754385965
1.5492957746478873
1.8095238095238095
1.1376518218623481
1.8272727272727274
1.3558282208588956
1.3461538461538463
1.1636363636363636
1.1869158878504673
1.0961538461538463
0.9626865671641791
1.2706766917293233
1.4166666666666667
1.6666666666666667
1.1666666666666667
1.1354166666666667
1.3229166666666667
1.2076923076923076
1.1685393258426966
1.7291666666666667
1.2289156626506024
1.2525252525252526
0.7536231884057971
1.0888888888888888
1.2075471698113207
0.6333333333333333
1.2649006622516556
1.0083333333333333
1.10989010989011
1.1900826446280992
1.1333333333333333
1.3833333333333333
1.6777777777777778
1.2222222222222223
2.0972222222222223
1.2432432432432432
1.2696629213483146
1.1729323308270676
1.3736263736263736
1.2279411764705883
1.3529411764705883
1.4779411764705883
1.457142857142857
1.3243243243243243
1.4057971014492754
1.1020408163265305
1.1941747572815533
1.1779661016949152
1.2290076335877862
1.1652173913043478
1.0746268656716418
1.5727272727272728
1.2469135802469136
1.1588235294117648
1.2372881355932204
1.2987012987012987
1.12
1.8253968253968254
1.187192118226601
1.2234042553191489
1.4142857142857144
0.8812785388127854
0.9416058394160584
0.9784172661870504
0.8942731277533039
0.9716981132075472
1.4382022471910112
1.2335766423357664
1.776
1.5211267605633803
1.3278688524590163
1.3870967741935485
1.1372549019607843
1.2620967741935485
1.297872340425532
0.9880952380952381
1.7380952380952381
1.2901408450704226
1.5971223021582734
1.502857142857143
1.3181818181818181
1.1058201058201058
1.0681818181818181
1.4431818181818181
1.2215189873417722
1.5294117647058822
1.064327485380117
1.2794117647058822
1.5384615384615385
1.3584905660377358
1.1634615384615385
1.6634615384615385
1.0384615384615385
1.9516129032258065
2.4516129032258065
1.1511627906976745
1.3739837398373984
1.024
1.3412698412698412
1.3623188405797102
1.132867132867133
1.2685185185185186
1.5185185185185186
1.3857142857142857
2.186046511627907
1.4179104477611941
0.7868852459016393
1.7972972972972974
1.596774193548387
1.3466666666666667
1.7619047619047619
1.9090909090909092
1.6590909090909092
1.2619047619047619
1.2840909090909092
1.096774193548387
1.3628318584070795
2.225806451612903
0.8048780487804879
1.253968253968254
1.2905982905982907
1.0377358490566038
1.196969696969697
1.1980676328502415
1.4388489208633093
1.0806451612903225
1.6041666666666667
1.3541666666666667
1.9166666666666667
1.3780487804878048
1.5116279069767442
1.8780487804878048
1.110091743119266
1.0738636363636365
1.6363636363636365
0.9183673469387755
0.9932885906040269
0.9035087719298246
0.9162303664921466
0.896
0.9904761904761905
1.3475935828877006
1.443609022556391
2.0652173913043477
1.1057692307692308
1.2307692307692308
1.2698412698412698
1.3557692307692308
1.4885844748858448
1.3142857142857143
1.275229357798165
1.139240506329114
1.6141732283464567
1.6712328767123288
1.2398373983739837
1.3647058823529412
1.3934426229508197
1.7134831460674158
1.3148148148148149
0.9452054794520548
1.2162162162162162
1.0696517412935322
1.1278538812785388
1.3172413793103448
1.170731707317073
0.8818181818181818
1.3431372549019607
1.4511278195488722
1.4574468085106382
1.8431372549019607
1.2626262626262625
1.0087719298245614
1.247191011235955
1.5612244897959184
1.3903743315508021
1.2314049586776858
0.9770114942528736
1.0263157894736843
1.1481481481481481
1.1515151515151516
1.2312925170068028
1.179245283018868
1.0480349344978166
1.0266666666666666
1.2761506276150627
1.2804428044280443
1.2484076433121019
1.6016260162601625
1.0063492063492063
1.2323232323232323
1.3452380952380953
1.271186440677966
1.2079207920792079
1.11
1.36
1.2781456953642385
1.1824817518248176
1.2242990654205608
1.462962962962963
1.212962962962963
1.358974358974359
1.1063829787234043
1.1311475409836065
1.4873949579831933
1.2885906040268456
1.2985074626865671
1.4262295081967213
1.290909090909091
1.6127167630057804
1.146153846153846
1.2477064220183487
1.3286713286713288
1.1717171717171717
1.140495867768595
1.0890410958904109
1.1619718309859155
1.1414141414141414
1.2325581395348837
1.4230769230769231
1.0480769230769231
1.0775193798449612
0.8547717842323651
1.1735537190082646
1.233009708737864
1.3166666666666667
1.0666666666666667
1.6111111111111112
1.1111111111111112
1.2361111111111112
1.2390243902439024
1.326086956521739
1.281767955801105
1.3493975903614457
1.075268817204301
1.0970873786407767
1.2418300653594772
1.1612903225806452
1.0363636363636364
1.3396226415094339
1.3725490196078431
1.1401869158878504
1.489795918367347
1.0808080808080809
1.3544303797468353
1.3391304347826087
1.0946502057613168
1.4951456310679612
1.42
1.4871794871794872
1.2422360248447204
1.3963963963963963
1.1307692307692307
1.8932038834951457
1.2142857142857142
1.2647058823529411
1.5147058823529411
2.764705882352941
1.2258064516129032
1.2912621359223302
1.582857142857143
1.186335403726708
1.3944954128440368
1.2592592592592593
1.407079646017699
0.8733031674208145
1.0543478260869565
1.1721311475409837
1.3629032258064515
1.4878048780487805
1.3265306122448979
1.2467532467532467
1.3043478260869565
1.303370786516854
1.2442748091603053
1.0486725663716814
2.3473684210526318
1.1304347826086956
0.847457627118644
1.1338028169014085
1.3006993006993006
1.0188679245283019
1.2393162393162394
1.1645569620253164
1.2903225806451613
1.221476510067114
1.2839506172839505
1.0632911392405062
1.3764705882352941
1.4329896907216495
1.471264367816092
1.298780487804878
0.76
1.1264367816091954
1.5705521472392638
1.26
0.7403846153846154
1.3653846153846154
1.1153846153846154
1.277027027027027
1.4322580645161291
1.1914893617021276
1.4186046511627908
1.1081081081081081
1.3548387096774193
1.2635658914728682
1.184782608695652
0.9943820224719101
0.9206349206349206
0.8110236220472441
0.9176470588235294
0.8695652173913043
1.1981132075471699
1.0326797385620916
1.2659574468085106
1.6428571428571428
1.2678571428571428
1.1428571428571428
1.3928571428571428
1.8734177215189873
1.4320987654320987
1.4191176470588236
1.5441176470588236
1.5858585858585859
1.323076923076923
1.2941176470588236
1.3404255319148937
1.167883211678832
1.5869565217391304
2.422222222222222
1.2166666666666666
1.3414634146341464
1.4666666666666666
1.144578313253012
1.1907894736842106
1.261111111111111
1.3680555555555556
1.35
1.6
1.1
1.0375
1.725
1.475
1.240625
1.225
1.3659305993690851
1.2448979591836735
1.1648936170212767
1.10828025477707
1.3475783475783476
1.2537313432835822
1.3595505617977528
1.2297872340425533
1.2391304347826086
1.0252525252525253
1.5252525252525253
1.168421052631579
1.051948051948052
1.2789115646258504
0.8943089430894309
1.175609756097561
1.3859649122807018
1.1363636363636365
1.2959183673469388
1.631578947368421
1.4788732394366197
1.3863636363636365
1.3796296296296295
1.1988636363636365
1.2772277227722773
1.2488038277511961
0.923728813559322
1.043956043956044
1.313953488372093
1.3880597014925373
1.4146341463414633
1.4455445544554455
1.736842105263158
1.15527950310559
1.3681592039800996
1.2476190476190476
1.3076923076923077
1.127962085308057
1.0576923076923077
1.4326923076923077
1.2037037037037037
1.4537037037037037
1.2213740458015268
1.4078212290502794
1.2877697841726619
1.5714285714285714
1.0714285714285714
1.1964285714285714
1.4464285714285714
1.0445544554455446
1.0434782608695652
1.238938053097345
1.6722689075630253
0.9078947368421053
1.1578947368421053
1.2056737588652482
1.2158273381294964
1.2172131147540983
1.356164383561644
1.66
1.1395348837209303
1.2622950819672132
1.16
0.9619047619047619
1.0153846153846153
1.3511450381679388
1.63013698630137
1.2073170731707317
1.0598290598290598
1.1956521739130435
1.0105263157894737
1.1734693877551021
1.6734693877551021
1.320754716981132
1.2545454545454546
1.3518518518518519
1.4659090909090908
1.2947368421052632
1.5909090909090908
1.351063829787234
1.5789473684210527
1.435897435897436
1.3012048192771084
1.5051546391752577
1.0606060606060606
1.3106060606060606
1.5873015873015872
1.1466666666666667
1.203883495145631
1.452054794520548
1.344
1.425531914893617
1.5780346820809248
1.1775700934579438
1.3793103448275863
1.1359223300970873
1.1163636363636364
1.310077519379845
1.6896551724137931
1.4189189189189189
1.4555555555555555
1.3448275862068966
