0.5510204081632653
1.0
0.765625
1.0285714285714285
1.1228070175438596
0.84375
1.078125
0.75
1.2474747474747474
0.9921875
0.9375
1.25
1.125
0.953125
0.8125
0.90625
0.8275862068965517
1.0854700854700854
1.1551724137931034
0.9827586206896551
1.0625
1.109375
0.82421875
1.09375
0.875
0.9848484848484849
0.984375
1.171875
0.796875
0.921875
1.1064814814814814
1.1025641025641026
0.7272727272727273
1.053191489361702
0.8260869565217391
0.976
0.9202453987730062
1.2509803921568627
1.0273972602739727
1.032258064516129
0.9280575539568345
0.9545454545454546
1.0483870967741935
0.8727272727272727
1.1782178217821782
1.163265306122449
1.0045045045045045
0.348993288590604
0.9393939393939394
0.6326530612244898
1.064516129032258
0.9302325581395349
0.5463917525773195
1.0568181818181819
1.0469798657718121
1.088235294117647
1.1505376344086022
1.0163934426229508
1.03125
1.4609375
1.5
0.9859154929577465
1.1631205673758864
1.0530973451327434
0.958904109589041
0.8691588785046729
1.0729166666666667
0.7142857142857143
0.5892857142857143
1.074766355140187
1.1590909090909092
1.0754716981132075
0.8773584905660378
1.160621761658031
1.1515151515151516
0.759493670886076
0.8868778280542986
1.3043478260869565
1.0170212765957447
0.9867549668874173
0.7341772151898734
0.9281045751633987
0.9401709401709402
0.881578947368421
0.9788732394366197
1.110091743119266
1.131578947368421
1.0426829268292683
0.9607843137254902
0.9893617021276596
0.9682539682539683
0.7733333333333333
1.1363636363636365
0.9024390243902439
0.926829268292683
0.9724770642201835
0.9134615384615384
0.5444444444444444
0.92
1.015748031496063
1.0608695652173914
0.937984496124031
0.9846153846153847
1.0158730158730158
0.8037383177570093
0.8896551724137931
0.9157894736842105
0.8604651162790697
1.2150537634408602
1.0427350427350428
0.9009009009009009
1.1926605504587156
1.1047619047619048
1.1134020618556701
0.9150943396226415
0.825
1.0300751879699248
1.0125
1.1214953271028036
0.6024844720496895
0.8582089552238806
0.9097222222222222
1.2
1.164835164835165
0.8469387755102041
1.0244897959183674
0.5347222222222222
0.8786127167630058
0.8421052631578947
1.146788990825688
0.9565217391304348
0.9077669902912622
0.9466666666666667
0.8529411764705882
0.9253731343283582
0.9272727272727272
1.0886075949367089
0.9473684210526315
0.9285714285714286
0.9439252336448598
1.0133333333333334
0.9761904761904762
0.9043478260869565
0.8220338983050848
0.6933333333333334
1.135135135135135
0.9054054054054054
0.7654320987654321
0.782608695652174
0.8251748251748252
1.0526315789473684
1.1181102362204725
0.8225806451612904
0.9459459459459459
1.1470588235294117
0.8686131386861314
0.9864864864864865
0.6923076923076923
1.0491803278688525
1.150214592274678
1.2318840579710144
1.0597014925373134
0.8271604938271605
0.975609756097561
0.8586956521739131
1.129496402877698
1.0297029702970297
1.0169491525423728
0.9932885906040269
0.8222222222222222
0.7804878048780488
0.9613259668508287
0.8666666666666667
0.8931297709923665
1.263157894736842
0.9905660377358491
0.9142857142857143
0.9365079365079365
1.0935251798561152
1.0087719298245614
0.9743589743589743
0.9841269841269841
0.954248366013072
0.9347826086956522
0.8
1.0588235294117647
0.7580645161290323
0.9188311688311688
1.2650602409638554
1.066390041493776
1.0784313725490196
1.0879120879120878
1.0683760683760684
1.0212765957446808
1.0636363636363637
0.7964601769911505
0.9534883720930233
0.9896907216494846
0.849624060150376
0.7207207207207207
1.0672268907563025
0.7984496124031008
0.9709302325581395
1.0952380952380953
1.087378640776699
0.8170731707317073
0.7704918032786885
1.0108695652173914
0.6219512195121951
0.9006622516556292
0.9032258064516129
0.7875647668393783
0.9653179190751445
0.9646017699115044
0.8726114649681529
1.1391304347826088
1.0348837209302326
1.04
1.1157894736842104
0.676829268292683
0.9407407407407408
0.8208092485549133
0.7981651376146789
0.8301886792452831
0.845
1.0215827338129497
1.070921985815603
0.9193548387096774
0.9818181818181818
0.7313432835820896
0.9029850746268657
0.9514563106796117
0.8985507246376812
0.7468354430379747
0.898876404494382
1.2053872053872055
0.9117647058823529
0.9444444444444444
1.1063829787234043
1.0069444444444444
0.9025974025974026
0.9262295081967213
0.978494623655914
0.9888888888888889
1.290909090909091
1.016
0.8472222222222222
0.8837209302325582
0.9298245614035088
1.1272727272727272
1.0647058823529412
1.0347826086956522
1.0333333333333334
0.8061224489795918
0.8232931726907631
0.896551724137931
1.1754385964912282
1.097938144329897
0.8982035928143712
0.8017241379310345
1.0148148148148148
1.2686567164179106
1.140495867768595
0.9290780141843972
0.9373134328358209
0.8050847457627118
0.8545454545454545
1.010752688172043
1.1808510638297873
0.8712871287128713
0.9344262295081968
0.8205128205128205
0.8247422680412371
1.0819672131147542
1.0847457627118644
1.144736842105263
0.8588235294117647
0.6948051948051948
0.8677685950413223
0.6414141414141414
1.1450381679389312
0.864406779661017
0.9047619047619048
0.9523809523809523
0.8943089430894309
1.1164383561643836
1.0482758620689656
1.0480769230769231
0.8108108108108109
0.8543689320388349
0.8958333333333334
0.8333333333333334
0.93717277486911
0.6793893129770993
0.8461538461538461
0.9711538461538461
0.9923664122137404
0.8476190476190476
1.047244094488189
1.2702702702702702
1.0222222222222221
0.8873239436619719
1.1735537190082646
0.9693877551020408
0.7456140350877193
0.9850746268656716
0.9056603773584906
1.6290322580645162
1.0666666666666667
1.1210191082802548
0.8057851239669421
0.8963730569948186
0.9387755102040817
0.9861111111111112
0.8611111111111112
0.9005524861878453
0.9453551912568307
0.8918918918918919
1.1764705882352942
1.1549295774647887
1.076086956521739
1.2063492063492063
0.908256880733945
0.8796992481203008
0.8877005347593583
1.075268817204301
0.9933333333333333
0.972972972972973
0.8176470588235294
1.1612903225806452
1.0204081632653061
1.0363636363636364
0.8846153846153846
1.0096153846153846
1.029126213592233
1.1346153846153846
1.0808080808080809
0.6344086021505376
0.8617021276595744
0.8405797101449275
0.9433962264150944
1.0495867768595042
1.443298969072165
0.9705882352941176
0.7281553398058253
0.9611650485436893
0.9512195121951219
1.0136363636363637
1.10752688172043
1.0338983050847457
0.9318181818181818
0.6818181818181818
1.054263565891473
0.8068181818181818
1.0707964601769913
0.9865771812080537
0.8766233766233766
1.1358024691358024
0.9242424242424242
0.9603960396039604
0.9941860465116279
1.1444444444444444
0.9791666666666666
0.9166666666666666
0.6666666666666666
0.6041666666666666
0.7785234899328859
0.9596774193548387
1.2142857142857142
1.08843537414966
0.9715447154471545
0.9090909090909091
0.19008264462809918
0.9361702127659575
0.8354430379746836
1.0147058823529411
1.183673469387755
1.174496644295302
0.7692307692307693
0.810126582278481
0.8942307692307693
1.1614906832298137
1.243781094527363
0.8493150684931506
1.015923566878981
0.7128712871287128
1.1408450704225352
1.153061224489796
1.186335403726708
1.096551724137931
1.0481927710843373
0.9927536231884058
0.8769230769230769
0.865546218487395
1.152542372881356
1.2181818181818183
1.0118343195266273
0.920265780730897
0.6363636363636364
0.8952380952380953
1.0175438596491229
0.9010989010989011
0.8959276018099548
0.9381443298969072
0.9487179487179487
0.9428571428571428
0.7417218543046358
1.1195652173913044
1.0930232558139534
0.897196261682243
0.8787878787878788
0.6338028169014085
1.5151515151515151
0.9081632653061225
0.9141104294478528
1.1176470588235294
1.2482758620689656
1.0810810810810811
1.1030927835051547
1.5319148936170213
1.2314814814814814
1.1523809523809523
1.0106382978723405
1.0571428571428572
0.8636363636363636
0.7761194029850746
0.751937984496124
0.9824561403508771
1.247787610619469
0.7307692307692307
0.825503355704698
1.2666666666666666
0.8111111111111111
1.0403225806451613
1.0357142857142858
0.9583333333333334
0.8809523809523809
0.9390243902439024
0.8689655172413793
1.040983606557377
1.0463576158940397
1.130952380952381
0.8160919540229885
0.8360655737704918
0.9313725490196079
1.1919191919191918
0.8979591836734694
0.4863013698630137
0.837037037037037
1.0326086956521738
1.2363636363636363
1.0802919708029197
1.08
0.76
1.1455696202531647
1.1942446043165467
1.01
0.8372093023255814
0.7403846153846154
1.010204081632653
1.0794701986754967
0.8765432098765432
0.9636363636363636
0.8699186991869918
1.027027027027027
1.1046511627906976
1.1616161616161615
0.9900990099009901
0.9489795918367347
0.9029126213592233
0.7971014492753623
1.044776119402985
1.1121951219512196
0.8378378378378378
0.8831168831168831
0.9855072463768116
1.173913043478261
1.0735294117647058
0.8556701030927835
0.901840490797546
0.8888888888888888
0.8615384615384616
1.1486486486486487
1.1095890410958904
1.1388888888888888
0.8026905829596412
0.9333333333333333
1.1891891891891893
1.0943396226415094
0.8558139534883721
0.9692307692307692
0.979381443298969
0.725925925925926
0.6716417910447762
0.7241379310344828
0.8121212121212121
0.8141592920353983
0.9111111111111111
0.9215686274509803
0.9787234042553191
0.8969072164948454
0.6428571428571429
1.032
1.06993006993007
0.9506172839506173
0.8269230769230769
0.5476190476190477
1.0976744186046512
1.0515463917525774
1.0287769784172662
1.0924369747899159
0.8363636363636363
1.0769230769230769
0.9067357512953368
0.8596491228070176
0.9240506329113924
1.3377777777777777
1.1121495327102804
1.1369863013698631
1.1390728476821192
1.1546391752577319
0.9814814814814815
0.9152542372881356
0.8734177215189873
1.2126984126984126
1.1683168316831682
1.105263157894737
0.9655172413793104
0.7951807228915663
0.8394160583941606
0.8041958041958042
0.9153439153439153
0.7931034482758621
1.1454545454545455
1.168141592920354
0.9629629629629629
0.9763313609467456
0.9851851851851852
0.823076923076923
1.1320754716981132
0.7758620689655172
0.7175572519083969
0.978448275862069
1.1721854304635762
1.0869565217391304
1.0296296296296297
0.9310344827586207
0.7164179104477612
0.8115942028985508
0.9568345323741008
0.8309859154929577
0.9315068493150684
0.8661417322834646
1.0740740740740742
1.0669856459330143
0.9615384615384616
0.9436619718309859
0.7909090909090909
0.8722466960352423
0.984
1.0213903743315509
1.0737704918032787
0.7922077922077922
0.9045226130653267
0.9305555555555556
0.8936170212765957
0.9930555555555556
1.0689655172413792
1.0082644628099173
1.0555555555555556
0.9130434782608695
0.8321167883211679
0.9579439252336449
0.7953216374269005
1.1694915254237288
1.00625
0.8320610687022901
0.9847328244274809
0.8246753246753247
1.03
1.0985915492957747
1.169811320754717
0.9491525423728814
1.037037037037037
0.9028776978417267
0.7189542483660131
0.6808510638297872
0.9223300970873787
0.823943661971831
1.21
1.053763440860215
0.8780487804878049
0.7912087912087912
0.7843137254901961
0.9891304347826086
1.0263157894736843
1.0276243093922652
1.017751479289941
0.8571428571428571
0.845360824742268
0.7454545454545455
0.7387387387387387
0.8823529411764706
1.0073529411764706
0.8761061946902655
0.8740157480314961
0.9714285714285714
0.9382239382239382
0.9803921568627451
0.6853932584269663
0.9263157894736842
0.3819444444444444
1.1170212765957446
0.7608695652173914
0.8591549295774648
0.8324873096446701
1.016260162601626
1.162162162162162
1.0205479452054795
0.8427672955974843
1.0643776824034334
1.0307692307692307
0.8790322580645161
1.062992125984252
1.0901639344262295
1.0068493150684932
1.0615384615384615
0.8833333333333333
1.107936507936508
0.8951612903225806
0.9297297297297298
1.1568627450980393
0.8116883116883117
0.7814569536423841
0.9702970297029703
1.391304347826087
0.9306930693069307
0.9402985074626866
1.2294617563739376
1.0337837837837838
1.0957446808510638
0.9153846153846154
0.8454545454545455
0.8165137614678899
1.111864406779661
0.9823529411764705
0.8504672897196262
0.9767441860465116
0.8648648648648649
1.0198019801980198
1.1020408163265305
0.8070175438596491
0.8080808080808081
0.9879518072289156
0.7589285714285714
0.8214285714285714
1.1201716738197425
1.0714285714285714
0.9113924050632911
0.9312977099236641
0.8616352201257862
0.9020979020979021
0.8970588235294118
0.6615384615384615
0.7720588235294118
0.6901960784313725
0.9122807017543859
1.0434782608695652
1.082191780821918
1.1485148514851484
0.7862595419847328
0.7933884297520661
0.9078947368421053
0.8453947368421053
0.9951219512195122
1.2384341637010676
1.12
1.0328947368421053
0.9789473684210527
0.9027777777777778
0.7777777777777778
1.08130081300813
1.0748299319727892
1.05
0.9574468085106383
1.01875
1.1125
1.1164021164021165
0.6224489795918368
0.8896103896103896
0.8717948717948718
0.8867924528301887
1.0401606425702812
0.8695652173913043
0.9004524886877828
0.9411764705882353
1.1395348837209303
1.16
1.0842105263157895
0.9052631578947369
1.1911764705882353
1.1642857142857144
0.983402489626556
0.7471910112359551
0.8014184397163121
0.9552238805970149
0.9180327868852459
0.8962962962962963
0.9354838709677419
0.9666666666666667
0.9642857142857143
0.9690721649484536
0.9139784946236559
0.9587628865979382
1.0226244343891402
1.0153846153846153
0.9454545454545454
0.8850574712643678
1.0103092783505154
1.0095238095238095
0.9069767441860465
0.868421052631579
1.1136363636363635
1.2040816326530612
1.0598290598290598
0.6956521739130435
1.134020618556701
1.106060606060606
1.1791044776119404
0.8840579710144928
0.9518072289156626
0.8740740740740741
0.8939929328621908
0.7380952380952381
0.9883720930232558
1.0909090909090908
1.1219512195121952
0.7857142857142857
0.7710843373493976
1.0508474576271187
1.2708333333333333
1.0677083333333333
1.0833333333333333
1.094890510948905
1.1145833333333333
0.8811188811188811
1.3333333333333333
1.1864406779661016
1.036144578313253
1.0789473684210527
0.8503401360544217
0.9625
0.9
0.93125
0.7125
0.775
0.9836065573770492
0.943089430894309
0.8757763975155279
0.9144144144144144
1.161764705882353
0.9448818897637795
0.83
0.9661016949152542
0.9099099099099099
0.9921259842519685
0.8631578947368421
0.9920634920634921
0.8827586206896552
1.0606060606060606
1.1595092024539877
0.6455696202531646
0.5619047619047619
0.8367346938775511
1.0384615384615385
1.348314606741573
0.9622641509433962
0.9516129032258065
0.9078014184397163
0.8266666666666667
1.203883495145631
1.0454545454545454
1.0394736842105263
0.9558823529411765
0.9563318777292577
0.7058823529411765
0.8308823529411765
0.967741935483871
1.0303030303030303
1.0287081339712918
0.9108910891089109
0.9156626506024096
0.8623188405797102
0.8021978021978022
1.0227272727272727
1.0344827586206897
0.8603351955307262
0.8857142857142857
0.9838709677419355
1.1896551724137931
1.0151515151515151
1.0199004975124377
0.757396449704142
0.8923076923076924
0.863013698630137
1.2434782608695651
0.9340659340659341
0.7575757575757576
1.07
0.9224137931034483
