0.625
1.1735537190082646
1.03125
1.0
0.8125
1.015625
1.28125
0.96875
0.984375
2.0
1.078125
1.75
0.75
1.203125
0.5
1.5
2.75
2.125
2.25
2.40625
0.9051724137931034
1.3797101449275362
1.4051724137931034
1.239766081871345
1.2950819672131149
1.1551724137931034
0.83203125
1.25
1.8125
1.375
0.796875
1.15625
0.9296875
1.125
0.9375
1.796875
0.9353448275862069
1.8103448275862069
1.2842105263157895
1.3103448275862069
1.0810810810810811
1.1348314606741574
1.3980582524271845
1.9655172413793103
1.2764976958525345
1.568421052631579
1.574468085106383
1.074468085106383
1.6343283582089552
1.3238095238095238
0.8539823008849557
0.9280575539568345
1.392156862745098
1.547945205479452
1.1737089201877935
1.165137614678899
0.8727272727272727
0.7720797720797721
0.6521739130434783
1.4021739130434783
1.8533333333333333
1.3533333333333333
1.25503355704698
1.4948453608247423
1.4393939393939394
1.064516129032258
0.5463917525773195
1.564102564102564
1.321917808219178
1.064102564102564
1.1505376344086022
0.71875
0.78125
1.0625
0.84375
0.875
0.765625
0.921875
1.1953125
1.59375
1.828125
1.648936170212766
1.6381322957198443
1.4210526315789473
1.558659217877095
1.611764705882353
1.148936170212766
1.111764705882353
1.0530973451327434
1.5194805194805194
0.7142857142857143
0.5892857142857143
1.5965909090909092
1.177142857142857
1.3465909090909092
1.1590909090909092
1.2052631578947368
2.284313725490196
2.159090909090909
1.0075187969924813
1.179245283018868
1.1481481481481481
1.8101265822784811
1.2454545454545454
1.160621761658031
1.6481481481481481
1.0543478260869565
1.4052863436123348
1.228855721393035
0.8121212121212121
1.3043478260869565
0.9867549668874173
0.7088607594936709
0.9401709401709402
1.36986301369863
1.0426829268292683
0.7733333333333333
0.8210526315789474
0.8018867924528302
0.8776978417266187
0.7658730158730159
0.7964601769911505
0.8015267175572519
0.8415841584158416
0.7701149425287356
1.0158730158730158
0.8703703703703703
1.0155038759689923
1.378787878787879
1.015748031496063
0.937984496124031
1.128787878787879
1.59
1.34
1.3604651162790697
0.8804347826086957
1.1075949367088607
0.5327868852459017
1.3975903614457832
1.416370106761566
1.3267326732673268
1.271604938271605
1.033175355450237
1.36318407960199
0.6024844720496895
0.8421052631578947
1.5921052631578947
1.223529411764706
1.3421052631578947
1.0921052631578947
0.9565217391304348
1.729559748427673
1.3277310924369747
1.5815217391304348
1.0815217391304348
1.4565217391304348
1.1263157894736842
1.4554455445544554
0.7839506172839507
2.038961038961039
0.5535714285714286
1.6785714285714286
1.5811320754716982
1.1785714285714286
1.3035714285714286
1.232258064516129
0.8079470198675497
1.5535714285714286
0.6933333333333334
1.150943396226415
1.6933333333333334
1.3687943262411348
0.7085427135678392
1.2795698924731183
1.1544715447154472
1.1181102362204725
0.9459459459459459
1.694736842105263
1.1712962962962963
1.311926605504587
0.6923076923076923
1.5963855421686748
1.6923076923076923
1.1923076923076923
1.3173076923076923
1.0492610837438423
0.8586956521739131
1.0169491525423728
1.608695652173913
1.108695652173913
1.518987341772152
0.8785046728971962
1.3741935483870968
1.164021164021164
1.4177215189873418
1.0853658536585367
0.9905660377358491
0.576271186440678
1.1962616822429906
1.505050505050505
1.4215686274509804
1.186046511627907
0.8284023668639053
0.8048780487804879
0.8782608695652174
1.2424242424242424
1.6037735849056605
0.8604651162790697
1.0588235294117647
1.2150537634408602
1.9420289855072463
1.3088235294117647
1.2407407407407407
1.3164556962025316
1.531496062992126
1.031496062992126
0.9534883720930233
1.4197530864197532
0.9896907216494846
0.744
0.6238938053097345
0.849624060150376
1.1145833333333333
1.5056179775280898
1.7153284671532847
1.0761904761904761
0.7984496124031008
1.0056179775280898
1.0683760683760684
0.9693877551020408
0.7204724409448819
0.9709302325581395
1.7209302325581395
1.1355932203389831
1.7793103448275862
0.8928571428571429
0.7608695652173914
0.7704918032786885
1.2608695652173914
1.565891472868217
1.2704918032786885
0.9320987654320988
1.7704918032786885
1.1414634146341462
0.6183574879227053
1.016260162601626
1.0108695652173914
1.6157894736842104
1.0655737704918034
1.1157894736842104
0.8208092485549133
0.7329192546583851
0.8301886792452831
1.0636363636363637
1.5851063829787233
1.330188679245283
1.0851063829787233
1.1042944785276074
0.9193548387096774
0.8856088560885609
1.275
1.4
1.65
1.9
1.2125
1.15
1.5702479338842976
1.3375
1.18125
1.2053872053872055
0.8194444444444444
0.6944444444444444
0.9444444444444444
0.3819444444444444
0.5694444444444444
1.5694444444444444
1.4444444444444444
1.1006944444444444
0.7791666666666667
1.3194444444444444
1.6944444444444444
1.1319444444444444
1.1944444444444444
1.0694444444444444
0.9666666666666667
0.9442231075697212
0.7572254335260116
0.9888888888888889
1.2935779816513762
1.488888888888889
1.3092105263157894
0.5528455284552846
1.6585365853658536
1.0333333333333334
1.577319587628866
1.7821782178217822
1.5333333333333334
1.2821782178217822
1.6770186335403727
0.6595744680851063
1.3943661971830985
0.676923076923077
0.8982035928143712
0.8679867986798679
1.2058823529411764
1.4141414141414141
1.7058823529411764
1.2706766917293233
1.3308823529411764
0.7563025210084033
1.2526315789473683
1.6204379562043796
1.7094972067039107
0.9344262295081968
1.1958041958041958
0.8067226890756303
0.8205128205128205
0.8111587982832618
1.8205128205128205
1.4675324675324675
1.1265822784810127
1.12565445026178
0.9923664122137404
0.8588235294117647
0.6948051948051948
1.089430894308943
1.6071428571428572
1.4087591240875912
1.8609271523178808
1.4587155963302751
1.0966183574879227
1.1071428571428572
0.864406779661017
1.8571428571428572
1.0368421052631578
0.8089887640449438
1.0253164556962024
1.3089887640449438
1.2844036697247707
1.4840425531914894
1.3859649122807018
1.2340425531914894
0.7005988023952096
0.8108108108108109
0.7796610169491526
0.700507614213198
0.7368421052631579
0.7373737373737373
0.9868421052631579
0.7479338842975206
0.6366666666666667
1.3866666666666667
1.3018867924528301
2.3866666666666667
1.5465116279069768
1.6015625
1.4375
1.359375
1.53125
0.8226600985221675
1.515625
1.578125
1.640625
1.625
1.565217391304348
1.5542168674698795
1.065217391304348
0.8284313725490197
1.315217391304348
1.5608108108108107
1.3108108108108107
0.8057851239669421
1.1210191082802548
0.7125748502994012
1.509433962264151
1.009433962264151
1.120879120879121
0.9453551912568307
0.8918918918918919
0.9790575916230366
1.8918918918918919
1.0520231213872833
0.7175925925925926
1.5925925925925926
1.8425925925925926
0.972972972972973
0.8176470588235294
0.8032786885245902
0.8373205741626795
1.472972972972973
1.097972972972973
1.972972972972973
0.9036144578313253
1.7372262773722629
1.4495412844036697
1.2671755725190839
0.7596153846153846
0.8846153846153846
0.9057591623036649
1.0096153846153846
1.2183908045977012
1.6346153846153846
1.1346153846153846
1.7183908045977012
1.3846153846153846
1.1971153846153846
0.6344086021505376
0.7967032967032966
1.8846153846153846
0.8735632183908046
1.24
1.4603174603174602
1.1386138613861385
0.9705882352941176
0.9512195121951219
1.2173913043478262
1.528735632183908
1.451219512195122
0.6818181818181818
0.9318181818181818
0.8693181818181818
1.0338983050847457
0.8068181818181818
0.8766233766233766
1.1496062992125984
1.3829787234042554
1.3766233766233766
1.247011952191235
1.6740331491712708
0.7484848484848485
0.8390804597701149
1.7160493827160495
1.2530120481927711
1.4367088607594938
1.4701195219123506
0.7785234899328859
0.5932203389830508
0.9596774193548387
1.292929292929293
1.7096774193548387
1.3385826771653544
1.0932203389830508
1.1448763250883391
1.2096774193548387
1.3565217391304347
1.1983471074380165
0.19008264462809918
0.8354430379746836
0.7606837606837606
1.108910891089109
1.1494252873563218
1.183673469387755
0.9015151515151515
0.7764705882352941
1.1614906832298137
1.243781094527363
0.8938053097345132
0.9811320754716981
1.4811320754716981
1.2035714285714285
1.1408450704225352
0.8351648351648352
0.873015873015873
0.6850828729281768
1.152542372881356
1.2238805970149254
1.2181818181818183
0.8952380952380953
1.0118343195266273
0.7952755905511811
0.9487179487179487
1.3695652173913044
1.9487179487179487
1.1195652173913044
1.4487179487179487
1.0545454545454545
0.897196261682243
0.8130841121495327
1.52
2.1025641025641026
1.098901098901099
1.1282051282051282
1.318840579710145
1.1047619047619048
0.948051948051948
0.6183844011142061
0.7209302325581395
1.1538461538461537
2.4081632653061225
1.4025157232704402
1.062015503875969
1.0734265734265733
1.1423357664233578
0.6212121212121212
0.9907407407407407
1.0923076923076922
1.7118644067796611
1.9069767441860466
1.3416149068322982
1.2118644067796611
0.8294573643410853
0.751937984496124
1.134453781512605
1.008695652173913
1.1523809523809523
1.2061068702290076
1.2149532710280373
1.1045751633986929
1.2482758620689656
1.247787610619469
0.6744186046511628
0.8324873096446701
1.4311926605504588
1.7741935483870968
1.1490909090909092
1.2741935483870968
1.3298429319371727
1.2280701754385965
1.0531400966183575
1.7087378640776698
0.9852941176470589
1.5225225225225225
1.2352941176470589
1.4852941176470589
0.9659090909090909
1.174757281553398
2.2711864406779663
2.440944881889764
0.8409090909090909
1.218978102189781
1.2857142857142858
1.5357142857142858
1.1607142857142858
0.7485714285714286
1.7857142857142858
1.4107142857142858
1.5982142857142858
1.6607142857142858
0.8737864077669902
1.0357142857142858
0.8689655172413793
1.8689655172413793
1.5217391304347827
1.1467391304347827
0.7421383647798742
1.0217391304347827
2.0217391304347827
1.040983606557377
0.7439024390243902
0.8360655737704918
1.3366336633663367
1.2439024390243902
0.8494623655913979
0.9054726368159204
1.08
1.58
1.33
0.7928571428571428
1.2808988764044944
1.5128205128205128
1.5411764705882354
1.6455696202531647
1.8344827586206895
0.6715328467153284
1.1942446043165467
1.1653543307086613
1.1455696202531647
0.7378640776699029
0.5873015873015873
1.6603773584905661
1.78343949044586
1.4191919191919191
0.8813559322033898
0.8270676691729323
1.6274509803921569
1.3774509803921569
1.010204081632653
1.0794701986754967
0.8765432098765432
0.9636363636363636
1.4368932038834952
1.5443037974683544
1.3387096774193548
0.7563451776649747
1.8387096774193548
1.3543307086614174
0.6747967479674797
0.8354978354978355
0.9029126213592233
1.6506024096385543
0.8378378378378378
1.1491228070175439
1.010909090909091
1.173913043478261
0.8651685393258427
0.8487394957983193
0.9135338345864662
0.901840490797546
0.7638888888888888
0.8888888888888888
1.6388888888888888
1.8888888888888888
1.3888888888888888
0.918918918918919
1.2638888888888888
1.5138888888888888
1.3263888888888888
2.3877551020408165
0.9111111111111111
1.1388888888888888
0.9333333333333333
1.1833333333333333
1.4155844155844155
1.3009708737864079
0.7055555555555556
0.6103896103896104
0.9555555555555556
0.9139784946236559
1.4333333333333333
0.7872340425531915
0.6428571428571429
0.9553571428571429
0.7108433734939759
0.5836734693877551
0.9146341463414634
0.7711442786069652
0.7717041800643086
0.8552631578947368
0.7701612903225806
1.8264462809917354
1.4777777777777779
1.2108433734939759
0.8269230769230769
1.0769230769230769
1.1056910569105691
1.3269230769230769
1.2019230769230769
1.0515463917525774
0.8363636363636363
1.8269230769230769
1.5769230769230769
1.1369863013698631
1.2674418604651163
1.1503267973856208
1.3380281690140845
1.1546391752577319
1.7674418604651163
1.0069444444444444
1.5671641791044777
1.0633802816901408
1.2126984126984126
0.9655172413793104
0.989247311827957
0.9928057553956835
1.2571428571428571
1.0123456790123457
1.3191489361702127
2.12751677852349
0.8770949720670391
1.1320754716981132
1.0402684563758389
1.3015873015873016
1.3406593406593406
0.7758620689655172
1.7866666666666666
1.0127388535031847
1.5365853658536586
0.9310344827586207
0.8921568627450981
1.2866666666666666
1.353846153846154
1.0365853658536586
1.5413533834586466
0.8083832335329342
1.6101694915254237
1.7914110429447854
1.0701754385964912
0.8533333333333334
0.7014925373134329
0.984
1.709090909090909
1.5737704918032787
1.1693121693121693
1.0737704918032787
0.8145161290322581
0.8936170212765957
1.4096385542168675
1.3163841807909604
1.3153153153153154
1.1811023622047243
1.0451612903225806
0.9579439252336449
0.6694915254237288
1.6134453781512605
1.1694915254237288
0.669683257918552
0.7902621722846442
2.169491525423729
0.9847328244274809
0.8246753246753247
1.037037037037037
1.7176470588235293
1.6638655462184875
1.3246753246753247
0.7757009345794392
0.7355371900826446
0.8938547486033519
1.053763440860215
1.1932367149758454
0.7912087912087912
0.7843137254901961
0.835820895522388
1.14
1.298804780876494
1.64
1.3694581280788178
1.228813559322034
0.7454545454545455
0.7590361445783133
1.017751479289941
0.7891566265060241
1.6946564885496183
1.2328767123287672
1.9047619047619047
0.9150326797385621
1.4047619047619047
0.826530612244898
1.4680851063829787
1.7676767676767677
1.1547619047619047
1.582010582010582
1.0339622641509434
0.9714285714285714
0.8522727272727273
0.7272727272727273
1.0585774058577406
1.2272727272727273
0.8875
0.73125
1.45
1.7
1.164835164835165
1.2
1.1904761904761905
1.5981308411214954
0.7540106951871658
0.8790322580645161
1.5068493150684932
1.4912280701754386
1.752808988764045
1.4045801526717556
1.1604938271604939
0.7377049180327869
1.0619469026548674
0.7151515151515152
1.0068493150684932
1.0615384615384615
0.8454935622317596
0.8113207547169812
1.8113207547169812
1.2834645669291338
0.7907801418439716
0.7054263565891473
1.1568627450980393
1.031413612565445
1.4068627450980393
0.8128491620111732
1.205128205128205
1.5425531914893618
1.3716814159292035
1.2027027027027026
1.6181818181818182
1.118279569892473
0.8264840182648402
1.4728682170542635
1.2417582417582418
1.262443438914027
0.8174603174603174
1.0845070422535212
1.3174603174603174
1.8174603174603174
1.233644859813084
1.329268292682927
0.82421875
1.1064814814814814
0.861904761904762
0.8098591549295775
1.7837837837837838
1.4491017964071857
1.2980132450331126
1.2837837837837838
1.1440329218106995
1.1353383458646618
1.393162393162393
1.3098591549295775
1.0337837837837838
0.9153846153846154
1.1266666666666667
1.0289855072463767
1.0547945205479452
0.832807570977918
1.1134751773049645
1.111864406779661
0.9823529411764705
0.8648648648648649
1.6851851851851851
1.1851851851851851
1.0198019801980198
2.117021276595745
0.9620253164556962
1.0811965811965811
1.5490196078431373
0.7697841726618705
0.7470355731225297
0.8616352201257862
1.6352941176470588
1.1065573770491803
1.3287671232876712
0.6947368421052632
0.8119266055045872
1.3834586466165413
1.445945945945946
0.9122807017543859
0.6797385620915033
0.6857142857142857
1.633587786259542
1.912280701754386
1.4357142857142857
1.1485148514851484
0.9217391304347826
0.7353951890034365
0.9213483146067416
1.0192307692307692
1.3942307692307692
1.7692307692307692
0.788235294117647
1.251497005988024
0.9789473684210527
1.5192307692307692
0.8104575163398693
1.2830188679245282
1.424778761061947
1.0748299319727892
0.774869109947644
1.6027397260273972
1.48
1.308641975308642
1.73
0.7397260273972602
1.181159420289855
2.389261744966443
0.7631578947368421
1.170854271356784
1.0401606425702812
0.84251968503937
0.9411764705882353
1.1911764705882353
1.5206611570247934
1.4411764705882353
0.9560439560439561
0.9172932330827067
0.8260869565217391
0.7222222222222222
0.7424892703862661
0.9722222222222222
0.8472222222222222
0.8582089552238806
0.6219512195121951
0.9041095890410958
0.8093023255813954
0.8767123287671232
1.0272727272727273
1.0095238095238095
1.0574712643678161
1.4024390243902438
0.7126436781609196
1.1136363636363635
0.7922705314009661
1.3636363636363635
0.8209876543209876
1.8636363636363635
1.6136363636363635
1.1945945945945946
0.7532467532467533
0.8045325779036827
0.7396449704142012
1.134020618556701
1.2992125984251968
1.367816091954023
0.7787610619469026
1.7532467532467533
1.1791044776119404
0.7475247524752475
1.5739130434782609
1.2475247524752475
0.7197802197802198
0.768976897689769
0.9883720930232558
1.496969696969697
1.4883720930232558
1.4550561797752808
1.1219512195121952
0.6878980891719745
1.3333333333333333
1.0833333333333333
1.2083333333333333
0.6960352422907489
1.6145833333333333
1.0208333333333333
1.9895833333333333
1.4583333333333333
0.8154506437768241
1.3958333333333333
0.953125
0.8811188811188811
1.4193548387096775
1.3364485981308412
1.1864406779661016
0.775
0.80625
0.8375
0.9
0.86875
0.9625
0.74375
0.93125
0.9144144144144144
0.8134328358208955
1.4144144144144144
1.3134328358208955
1.0898876404494382
0.9835164835164835
0.9448818897637795
0.7484662576687117
0.6783216783216783
1.3673469387755102
1.6708860759493671
0.6842105263157895
0.803030303030303
0.9622641509433962
0.9078014184397163
1.5696202531645569
1.4622641509433962
1.2816901408450705
0.6554621848739496
1.1859649122807017
1.3442622950819672
1.5070422535211268
1.6703296703296704
1.3465346534653466
1.0942622950819672
0.9558823529411765
0.7058823529411765
0.8308823529411765
0.746031746031746
0.7538461538461538
0.639344262295082
1.305084745762712
1.139344262295082
1.4477611940298507
1.9855072463768115
0.9156626506024096
1.0287081339712918
1.0350877192982457
0.9108910891089109
0.7727272727272727
1.2727272727272727
1.3652173913043477
1.1477272727272727
0.7533333333333333
1.532846715328467
1.6477272727272727
1.2048192771084338
1.0227272727272727
1.0852272727272727
0.7338709677419355
0.9838709677419355
1.4838709677419355
1.4752475247524752
1.6623376623376624
1.0458715596330275
0.757396449704142
0.9340659340659341
1.4451612903225806
1.07
1.5911949685534592
1.2543859649122806
1.32
0.9673202614379085
1.934065934065934
1.1951219512195121
1.0890052356020943
0.9696969696969697
0.7461538461538462
1.253968253968254
1.2196969696969697
1.2285714285714286
0.9096045197740112
0.927710843373494
0.971830985915493
1.8421052631578947
1.5797101449275361
1.146788990825688
2.2063492063492065
1.3309859154929577
1.469387755102041
1.2650602409638554
1.0854700854700854
1.4814814814814814
1.2584269662921348
1.1142857142857143
0.7927631578947368
1.3057851239669422
1.3642857142857143
1.4892857142857143
2.1142857142857143
1.1434599156118144
1.2314814814814814
1.1376811594202898
1.1587301587301588
1.4244604316546763
1.2822085889570551
1.0573248407643312
1.053191489361702
0.8313953488372093
0.976
1.1487603305785123
1.017391304347826
1.2509803921568627
0.8371212121212122
1.5988372093023255
1.4339622641509433
1.3932584269662922
1.3047337278106508
1.0988372093023255
1.1517241379310346
1.193798449612403
1.2983870967741935
1.0483870967741935
2.5323741007194243
1.7115384615384615
1.1221374045801527
1.6415094339622642
1.438095238095238
1.129746835443038
1.1337579617834395
1.1415094339622642
1.6049382716049383
1.437956204379562
1.045045045045045
0.9770992366412213
0.7724137931034483
1.4318181818181819
1.5568181818181819
1.6818181818181819
1.2784810126582278
1.6193181818181819
1.0568181818181819
1.702970297029703
1.518181818181818
1.6185567010309279
1.289855072463768
1.305810397553517
0.956989247311828
1.7751479289940828
1.2619047619047619
1.0119047619047619
1.074766355140187
1.393103448275862
1.6796116504854368
1.3770491803278688
1.202127659574468
1.145631067961165
1.3627450980392157
1.4878048780487805
1.1721311475409837
1.0170212765957447
0.7341772151898734
0.9788732394366197
1.6296296296296295
1.1296296296296295
1.224
1.7959183673469388
0.7941176470588235
0.9112903225806451
0.926829268292683
0.7393939393939394
0.7666666666666667
0.7681159420289855
0.8292682926829268
0.8910891089108911
0.8008474576271186
0.7887323943661971
0.674074074074074
1.204225352112676
1.3771929824561404
3.0256410256410255
0.9420289855072463
1.0857142857142856
1.330935251798561
0.7766990291262136
0.8299319727891157
1.2033898305084745
1.1134020618556701
1.3664921465968587
1.2765957446808511
1.1926605504587156
1.4899328859060403
1.1744186046511629
0.7548387096774194
1.63
1.13
1.7549019607843137
1.099601593625498
1.2549019607843137
0.9077669902912622
1.5327102803738317
1.3411764705882352
1.3643410852713178
1.7627118644067796
0.9466666666666667
0.9253731343283582
0.9272727272727272
1.3626373626373627
1.2093023255813953
1.0886075949367089
1.2014388489208634
1.5945945945945945
1.0738255033557047
1.0133333333333334
1.3398058252427185
1.0945945945945945
0.9761904761904762
0.8220338983050848
1.3220338983050848
1.3979591836734695
1.2245989304812834
1.1492537313432836
0.9528301886792453
1.2406015037593985
1.042857142857143
1.542857142857143
1.4145077720207253
1.2718446601941749
1.3626943005181347
1.2720588235294117
1.1635220125786163
1.1470588235294117
0.6974789915966386
1.88135593220339
1.7567567567567568
1.0597014925373134
1.2567567567567568
1.2777777777777777
1.7230769230769232
1.7777777777777777
1.1527777777777777
1.5277777777777777
1.129496402877698
1.0297029702970297
1.2804878048780488
1.9801324503311257
1.4869565217391305
1.6224489795918366
1.8222222222222222
0.9613259668508287
1.8666666666666667
1.4916666666666667
1.3666666666666667
0.9529411764705882
0.9760479041916168
0.7924528301886793
1.2924528301886793
1.4098360655737705
1.2463768115942029
1.0222222222222221
0.8355263157894737
1.1343283582089552
1.3488372093023255
1.2121212121212122
0.7530864197530864
0.7482014388489209
0.7473118279569892
1.416058394160584
1.2967032967032968
1.1971830985915493
1.3402061855670102
1.1743119266055047
1.1103896103896105
1.6103896103896105
1.2474747474747474
0.7696078431372549
1.5110132158590308
1.6538461538461537
1.2788461538461537
1.8363636363636364
1.9012345679012346
1.4038461538461537
1.1030927835051547
0.8170731707317073
1.3097345132743363
1.4507042253521127
0.9006622516556292
0.9032258064516129
0.9653179190751445
0.8741258741258742
0.9646017699115044
0.8726114649681529
1.676056338028169
1.2588235294117647
1.219298245614035
0.8191489361702128
1.1391304347826088
1.0348837209302326
0.7974683544303798
0.72
0.595
0.845
1.22
1.72
1.6859504132231404
0.9135802469135802
0.7844311377245509
1.0602409638554218
1.070921985815603
0.898876404494382
1.2758620689655173
1.7758620689655173
1.2244897959183674
0.7867647058823529
0.8427672955974843
1.4310344827586208
1.4307692307692308
1.308457711442786
1.2782608695652173
0.978494623655914
0.5142857142857142
1.0246913580246915
1.5862068965517242
1.6868686868686869
1.5142857142857142
1.1242603550295858
1.7642857142857142
1.3362068965517242
0.7090909090909091
0.8456591639871383
1.0337078651685394
1.1759259259259258
1.4685314685314685
1.5509259259259258
1.9259259259259258
1.2413793103448276
1.1532846715328466
1.0647058823529412
0.7246376811594203
0.8294930875576036
0.896551724137931
0.71900826446281
1.6031746031746033
1.7641509433962264
1.386138613861386
0.935064935064935
0.8457142857142858
1.2641509433962264
1.1297709923664123
1.146551724137931
1.2402597402597402
1.097938144329897
0.8017241379310345
1.0517241379310345
1.0148148148148148
1.5517241379310345
1.2710280373831775
1.4846625766871167
1.2686567164179106
0.856140350877193
1.206896551724138
1.5733333333333333
1.0731707317073171
0.8620689655172413
0.8007246376811594
1.5507246376811594
1.7843137254901962
1.1120689655172413
1.3620689655172413
1.2843137254901962
1.3302752293577982
0.9304347826086956
1.0172413793103448
1.6403508771929824
1.062937062937063
1.5172413793103448
1.1724137931034482
1.669172932330827
1.6725663716814159
1.6724137931034482
1.8930817610062893
0.9345794392523364
0.7076023391812866
0.8529411764705882
0.7829181494661922
0.9779411764705882
0.8368794326241135
0.9818181818181818
0.8023255813953488
0.7721518987341772
0.7229437229437229
0.8768115942028986
1.1475409836065573
1.4714285714285715
1.2214285714285715
0.9207920792079208
1.1290322580645162
1.1324503311258278
1.6290322580645162
0.9387755102040817
1.5783783783783785
1.0457516339869282
1.0674157303370786
1.2796610169491525
0.6097560975609756
0.8192771084337349
1.2872340425531914
1.7872340425531914
1.2311557788944723
1.3144654088050314
1.1384615384615384
1.2063492063492063
1.1764705882352942
1.2299651567944252
0.7285714285714285
1.6764705882352942
0.9785714285714285
0.7051282051282052
0.908256880733945
0.8389830508474576
0.5510204081632653
0.8010204081632653
0.8877005347593583
1.0510204081632653
1.3211009174311927
1.5510204081632653
0.7027027027027027
0.8116591928251121
0.9933333333333333
1.0063291139240507
0.8992805755395683
0.8953488372093024
1.537313432835821
1.3776223776223777
0.685
1.56
1.06
1.31
0.7988165680473372
1.2403100775193798
1.435
1.1940298507462686
0.8983050847457628
0.8617021276595744
0.9433962264150944
1.146341463414634
1.4225352112676057
1.4153846153846155
1.5850340136054422
1.3983050847457628
1.671497584541063
0.9425837320574163
1.0852713178294573
0.7969924812030075
0.5614035087719298
1.147887323943662
1.2547770700636942
1.5514018691588785
0.6851851851851852
1.10752688172043
1.0707964601769913
0.8732394366197183
1.1935483870967742
1.3732394366197183
1.6935483870967742
0.9242424242424242
1.619047619047619
1.1548387096774193
1.171641791044776
1.119047619047619
1.3647798742138364
0.8273381294964028
0.990909090909091
1.3658536585365855
1.3868613138686132
1.7086092715231789
1.8658536585365855
1.3744292237442923
0.9715447154471545
0.9361702127659575
1.169398907103825
1.1975308641975309
1.174496644295302
0.7692307692307693
0.8942307692307693
0.7128712871287128
1.7882352941176471
1.4133333333333333
1.153061224489796
0.8939393939393939
0.8403361344537815
0.9241379310344827
0.9206349206349206
0.920265780730897
0.9428571428571428
1.0990990990990992
1.1928571428571428
1.2397260273972603
1.3471074380165289
1.4428571428571428
1.9428571428571428
0.7545126353790613
0.9572649572649573
1.3707865168539326
0.8295454545454546
0.9545454545454546
1.4303797468354431
1.1733333333333333
0.6778523489932886
0.9591836734693877
1.054054054054054
1.3856209150326797
0.8985507246376812
0.9708029197080292
2.525
0.9024390243902439
3.4545454545454546
1.2969696969696969
1.2967741935483872
0.8532818532818532
0.6524064171122995
0.7580645161290323
0.9188311688311688
0.7553956834532374
1.5106382978723405
1.7580645161290323
1.5317460317460319
0.9886363636363636
0.8636363636363636
0.9209039548022598
1.0106382978723405
0.9824561403508771
1.123076923076923
1.5941176470588236
1.5072463768115942
1.0136986301369864
2.123076923076923
0.7748344370860927
1.429530201342282
1.816568047337278
0.7109004739336493
1.216867469879518
1.1608391608391608
1.2197802197802199
0.6079295154185022
1.6226415094339623
1.2666666666666666
1.3524229074889869
2.0166666666666666
1.40625
1.390625
1.1640625
0.8317757009345794
0.8121827411167513
1.2421875
1.12109375
0.8111111111111111
1.1139240506329113
1.3111111111111111
0.7708333333333334
0.8333333333333334
0.9583333333333334
0.8958333333333334
0.9390243902439024
1.4390243902439024
1.3555555555555556
0.7942122186495176
1.1007751937984496
1.453781512605042
1.1919191919191918
0.7363636363636363
0.9405940594059405
1.2363636363636363
1.4678899082568808
1.4863636363636363
1.0802919708029197
0.7552447552447552
1.3225806451612903
1.8225806451612903
1.345679012345679
1.761467889908257
0.8841201716738197
0.7893258426966292
0.6560283687943262
0.8849206349206349
0.874251497005988
1.3655172413793104
1.4086021505376345
1.2893258426966292
0.8802395209580839
0.8356164383561644
0.9795918367346939
0.8699186991869918
1.1616161616161615
0.9719626168224299
0.7472527472527473
1.056
1.5675675675675675
1.619718309859155
0.9855072463768116
1.4035087719298245
1.0285714285714285
1.0675675675675675
1.0381679389312977
0.7323943661971831
0.8450704225352113
1.6741573033707866
1.0991735537190082
1.3450704225352113
0.9577464788732394
1.1005917159763314
1.0704225352112675
1.8784313725490196
1.6486486486486487
0.8974358974358975
0.9787234042553191
2.8205128205128207
1.5551330798479088
1.6330275229357798
1.1486486486486487
1.1095890410958904
1.0149253731343284
1.0943396226415094
0.7337662337662337
0.9473684210526315
0.8249158249158249
0.9117647058823529
0.803347280334728
0.8013698630136986
0.851063829787234
0.5757575757575758
0.8398058252427184
0.721030042918455
1.3008130081300813
1.7297297297297298
1.2297297297297298
1.06993006993007
0.9226190476190477
0.5476190476190477
1.0476190476190477
1.3835616438356164
1.8210526315789475
0.832089552238806
1.3601190476190477
1.4148148148148147
1.2976190476190477
1.5476190476190477
1.1843575418994414
0.9240506329113924
1.4731182795698925
1.6076923076923078
1.5980392156862746
0.7314814814814815
1.0980392156862746
1.1322314049586777
1.1121495327102804
0.9814814814814815
0.9152542372881356
1.105263157894737
1.175257731958763
1.1683168316831682
0.6492537313432836
0.9153439153439153
1.8227848101265822
1.6575342465753424
1.2131147540983607
0.7688022284122563
0.7110091743119266
1.1454545454545455
1.6454545454545455
1.2783505154639174
1.0816326530612246
1.2747252747252746
0.9637462235649547
0.7317073170731707
1.1066666666666667
1.7078651685393258
1.2317073170731707
0.9339622641509434
0.8714285714285714
1.3714285714285714
1.8245614035087718
1.1721854304635762
0.7164179104477612
0.6815068493150684
0.9315068493150684
1.1162790697674418
1.4315068493150684
1.304
0.7740384615384616
0.9615384615384616
0.42857142857142855
0.8434782608695652
1.116504854368932
0.7922077922077922
0.7154150197628458
2.0384615384615383
1.2835820895522387
1.3061224489795917
1.0082644628099173
1.5825242718446602
1.1946902654867257
1.1657142857142857
1.6746987951807228
0.8320610687022901
1.5044247787610618
1.9035532994923858
1.2673267326732673
0.7294117647058823
0.7252747252747253
1.2421052631578948
1.263681592039801
0.9609756097560975
0.9223300970873787
0.9028776978417267
0.96
0.8178137651821862
1.117283950617284
1.21
1.2735849056603774
0.8316831683168316
1.7735849056603774
2.7735849056603774
1.46
0.9466019417475728
0.8153846153846154
1.5263157894736843
1.8153846153846154
1.2763157894736843
1.7763157894736843
1.0263157894736843
0.8823529411764706
1.8823529411764706
1.5073529411764706
1.1323529411764706
1.1159420289855073
1.0073529411764706
1.3823529411764706
0.8740157480314961
1.2792792792792793
1.3741496598639455
1.6074074074074074
0.8796296296296297
0.8035714285714286
1.4126984126984128
1.4615384615384615
1.6521739130434783
1.1521739130434783
1.4947368421052631
0.7634408602150538
0.9285714285714286
0.7625570776255708
0.9509803921568627
1.4285714285714286
1.1149425287356323
1.091549295774648
1.3980099502487562
0.8169014084507042
1.0947368421052632
1.6329113924050633
1.2751677852348993
0.8825910931174089
0.8357142857142857
0.7188612099644128
1.3909090909090909
1.8169014084507042
1.0212765957446808
1.062992125984252
0.8565022421524664
0.9081632653061225
0.9141104294478528
1.4081632653061225
1.0422535211267605
1.1068702290076335
1.6021505376344085
1.4252873563218391
1.2597765363128492
1.107936507936508
0.8873239436619719
1.1758241758241759
1.188235294117647
1.3663366336633664
0.8116883116883117
0.735632183908046
1.268041237113402
1.2745098039215685
1.024390243902439
0.8383838383838383
0.9306930693069307
1.274390243902439
0.88
1.5928571428571427
1.4421768707482994
1.3908045977011494
0.8411764705882353
0.8209606986899564
1.3428571428571427
1.3237410071942446
0.6478260869565218
1.1478260869565218
1.2388663967611335
1.3457446808510638
0.43349753694581283
1.2459016393442623
1.2868217054263567
1.0957446808510638
1.4395604395604396
1.2452830188679245
1.6973684210526316
0.7228915662650602
0.8445945945945946
1.2114285714285715
1.4473684210526316
1.208
1.9473684210526316
0.8504672897196262
0.9767441860465116
1.4761904761904763
1.277602523659306
1.3563218390804597
1.523076923076923
1.2261904761904763
2.4761904761904763
1.5302013422818792
1.2267441860465116
0.8080808080808081
0.9873417721518988
0.7706422018348624
1.231578947368421
1.492537313432836
1.0484581497797356
0.9739130434782609
0.93717277486911
0.6855123674911661
0.8860759493670886
0.8883720930232558
2.1041666666666665
0.8970588235294118
0.7720588235294118
1.1702127659574468
1.211111111111111
1.6702127659574468
0.7333333333333333
0.828996282527881
0.5846645367412141
1.7526881720430108
1.6597938144329898
1.1597938144329898
0.9205020920502092
0.7933884297520661
0.7628865979381443
1.2555555555555555
1.193050193050193
1.4202898550724639
0.7777777777777778
1.3728813559322033
0.9027777777777778
0.8
0.83125
0.925
1.8625
1.3
1.2375
1.8
1.175
1.1125
1.425
1.05
1.6125
1.14375
0.6224489795918368
0.7612903225806451
1.3444444444444446
0.7673469387755102
2.1797752808988764
0.889763779527559
0.9849246231155779
0.9322033898305084
1.025974025974026
1.110344827586207
1.0842105263157895
0.8157894736842105
0.7103174603174603
0.8082191780821918
0.7414965986394558
0.8416666666666667
0.7024793388429752
0.7166666666666667
0.8345323741007195
0.8181818181818182
0.8979591836734694
0.7901234567901234
1.7446808510638299
1.3417721518987342
0.7177700348432056
1.7853107344632768
1.2654867256637168
0.868421052631579
1.0793650793650793
1.3146067415730338
1.078740157480315
1.308411214953271
1.118421052631579
1.0595744680851065
0.7557251908396947
1.1058823529411765
1.106060606060606
1.4915254237288136
1.6694214876033058
1.1456953642384107
1.3170731707317074
1.6526315789473685
0.7640449438202247
0.6727272727272727
1.5670731707317074
1.7310344827586206
0.8939929328621908
0.7007299270072993
1.546875
1.3125
1.6875
1.328125
1.6533333333333333
1.65625
1.903225806451613
1.5390625
1.2265625
1.5625
1.1977401129943503
1.2577319587628866
0.7710843373493976
1.7710843373493976
1.3979057591623036
1.0508474576271187
1.8333333333333333
1.5833333333333333
1.7395833333333333
1.4114583333333333
1.1458333333333333
1.7083333333333333
0.234375
0.6194690265486725
1.2708333333333333
1.0677083333333333
1.0140845070422535
1.5757575757575757
1.302325581395349
1.8027210884353742
1.8257575757575757
1.3031496062992125
0.9836065573770492
1.411764705882353
1.9836065573770492
1.161764705882353
1.1797235023041475
0.5697674418604651
1.2210526315789474
1.2394366197183098
0.9920634920634921
0.9921259842519685
1.8955223880597014
1.0076923076923077
1.2030075187969924
1.3955223880597014
1.278688524590164
1.1229946524064172
1.1755725190839694
0.8536585365853658
0.848314606741573
0.8367346938775511
1.3372093023255813
1.5052631578947369
1.348314606741573
0.9259259259259259
0.8853503184713376
0.7954545454545454
1.0454545454545454
1.7246376811594204
1.5454545454545454
1.4204545454545454
1.2954545454545454
1.1704545454545454
0.7894736842105263
1.0394736842105263
1.2894736842105263
0.9416058394160584
0.5829787234042553
0.967741935483871
0.9504950495049505
1.7714285714285714
1.032
0.7936507936507936
2.5214285714285714
0.8098859315589354
0.803921568627451
0.8104265402843602
1.7846153846153847
1.3783783783783783
1.9382716049382716
0.832579185520362
1.1283783783783783
1.2621951219512195
1.5151515151515151
1.0151515151515151
1.3902439024390243
1.588785046728972
1.4698795180722892
2.061224489795918
1.2434782608695651
0.9914529914529915
1.0506329113924051
1.5657142857142856
1.4594594594594594
1.3962264150943395
1.1398601398601398
0.9224137931034483
0.9393939393939394
0.8672566371681416
0.7648902821316614
0.7781569965870307
1.9705882352941178
1.4705882352941178
1.627659574468085
1.304932735426009
0.4945054945054945
0.8442028985507246
1.635135135135135
0.6198830409356725
0.8275862068965517
1.1037735849056605
1.5405405405405406
1.822085889570552
1.1047120418848169
1.3941605839416058
0.9827586206896551
0.9848484848484849
1.4848484848484849
1.639676113360324
0.9263157894736842
1.8211382113821137
1.6216216216216217
1.196078431372549
1.0085470085470085
0.9202453987730062
1.532258064516129
1.032258064516129
0.782051282051282
0.9605263157894737
1.2105263157894737
1.8956521739130434
1.2045454545454546
1.4545454545454546
1.8920454545454546
1.6814159292035398
1.5795454545454546
2.1146496815286624
1.2753623188405796
1.651685393258427
1.663265306122449
1.1627906976744187
1.1782178217821782
1.163265306122449
0.348993288590604
1.2596685082872927
0.9302325581395349
1.01875
1.338235294117647
1.5163934426229508
1.8920863309352518
1.0469798657718121
0.6793893129770993
1.588235294117647
1.0163934426229508
0.9859154929577465
1.9242424242424243
1.197674418604651
1.9491525423728813
1.2289156626506024
1.063157894736842
1.0754716981132075
1.3466666666666667
1.596774193548387
1.0478260869565217
1.1843971631205674
2.0754716981132075
1.7422680412371134
1.2388059701492538
1.7899159663865547
1.3473684210526315
1.1827956989247312
1.3386581469648562
0.9711538461538461
1.3854166666666667
1.1041666666666667
1.393939393939394
1.5084745762711864
1.0729166666666667
1.7291666666666667
1.381578947368421
1.131578947368421
0.9607843137254902
0.92
0.782608695652174
0.7771084337349398
0.9054054054054054
0.8951048951048951
0.824
1.2098765432098766
0.7654320987654321
0.7677419354838709
0.7975460122699386
1.2653061224489797
1.6433566433566433
1.5053191489361701
1.0608695652173914
1.2553191489361701
0.8896551724137931
0.9157894736842105
1.110236220472441
1.373134328358209
1.3202247191011236
1.4055555555555554
1.1555555555555554
0.9150943396226415
0.7
0.7625
0.825
1.8875
1.95
1.0125
1.6375
1.2990654205607477
0.9097222222222222
1.075
0.5347222222222222
1.1375
0.8786127167630058
1.2522522522522523
1.7444444444444445
1.2444444444444445
1.452887537993921
1.3271028037383177
2.3271028037383177
1.2371134020618557
1.288888888888889
1.5797872340425532
1.2473118279569892
0.9921875
1.3297872340425532
1.4203821656050954
2.3333333333333335
1.2293577981651376
1.5447154471544715
1.2345679012345678
1.507462686567164
1.178294573643411
1.1696969696969697
1.1495327102803738
1.0238095238095237
1.5238095238095237
1.2738095238095237
1.476923076923077
2.5238095238095237
1.0526315789473684
1.2396694214876034
1.5526315789473684
0.8225806451612904
0.8521739130434782
0.9042553191489362
0.7540983606557377
1.5533333333333332
1.2540983606557377
0.8686131386861314
0.9424778761061947
1.3368421052631578
1.1571428571428573
1.2318840579710144
1.6762589928057554
1.6091954022988506
1.0491803278688525
1.150214592274678
0.7593360995850622
0.6863468634686347
0.975609756097561
1.4935064935064934
1.0973451327433628
1.2254901960784315
0.8117647058823529
1.3118279569892473
0.8931297709923665
1.5747126436781609
1.5918367346938775
1.0918367346938775
1.2233009708737863
0.9142857142857143
1.3670886075949367
1.1090909090909091
1.2255639097744362
1.3425414364640884
1.2341463414634146
1.2298850574712643
0.9743589743589743
0.7480916030534351
0.6865671641791045
0.821917808219178
0.8697318007662835
1.088235294117647
1.5777777777777777
1.1818181818181819
0.7566371681415929
0.9452054794520548
1.0604395604395604
1.8026315789473684
1.2547169811320755
1.408450704225352
1.348148148148148
1.115702479338843
1.2465753424657535
0.8050314465408805
0.7207207207207207
1.0879120879120878
1.6258503401360545
1.5402298850574712
0.7663817663817664
1.5043478260869565
1.0672268907563025
1.0066225165562914
0.8543689320388349
0.8676470588235294
1.1176470588235294
1.6242774566473988
1.7426470588235294
1.4620938628158844
1.6176470588235294
1.087378640776699
0.8018018018018018
1.5205479452054795
1.4736842105263157
1.7236842105263157
0.8014184397163121
1.5953757225433527
1.2236842105263157
0.9180327868852459
1.0205479452054795
1.2268041237113403
1.5401069518716577
1.3129770992366412
0.8227848101265823
0.9752066115702479
0.7669172932330827
1.382716049382716
1.04
1.2264150943396226
0.7981651376146789
0.7326732673267327
1.2110091743119267
1.7578947368421052
1.2578947368421052
1.2895927601809956
1.3047619047619048
0.9514563106796117
1.3492063492063493
0.8245614035087719
0.8342857142857143
1.0129870129870129
1.0229007633587786
0.9025974025974026
1.0098039215686274
1.1565217391304348
0.8509615384615384
0.9134615384615384
0.7884615384615384
0.8837209302325582
1.3263157894736841
1.536231884057971
1.9292929292929293
1.3837209302325582
1.3495145631067962
0.8061224489795918
1.6285714285714286
1.0254237288135593
1.2286821705426356
0.9385474860335196
1.1754385964912282
2.175438596491228
1.3855421686746987
0.7682926829268293
0.8933333333333333
1.3933333333333333
1.2262773722627738
1.6105263157894736
1.3761467889908257
1.1105263157894736
1.5827814569536425
1.2921348314606742
1.2682926829268293
0.9373134328358209
0.8507462686567164
0.8545454545454545
1.2868852459016393
1.7294117647058824
1.9183673469387754
1.2294117647058824
1.3507462686567164
1.2216494845360826
2.108108108108108
1.3545454545454545
0.8247422680412371
1.0782122905027933
1.269736842105263
1.394736842105263
0.9794520547945206
1.644736842105263
1.0819672131147542
1.0847457627118644
1.144736842105263
0.7668711656441718
0.8677685950413223
1.4019607843137254
0.9523809523809523
0.7023809523809523
0.8722466960352423
1.1789473684210525
1.6164383561643836
1.4523809523809523
1.2023809523809523
1.1164383561643836
1.0482758620689656
0.6
0.8925619834710744
0.672645739910314
0.7875
0.81875
0.7906976744186046
0.961038961038961
0.7816901408450704
0.6078431372549019
0.8189655172413793
1.2035398230088497
1.2702702702702702
1.3233532934131738
1.6884057971014492
1.1421319796954315
1.1884057971014492
0.7456140350877193
0.9056603773584906
0.9850746268656716
1.4056603773584906
1.4850746268656716
1.2695035460992907
0.8894009216589862
0.8513513513513513
0.9005524861878453
1.3513513513513513
1.7102803738317758
1.4295774647887325
1.1013513513513513
1.2102803738317758
1.0843373493975903
1.1549295774647887
0.9846153846153847
0.7676056338028169
0.9712918660287081
1.944
1.2527472527472527
1.3116883116883118
0.9057377049180327
1.0837696335078535
1.380281690140845
1.4324324324324325
1.3195876288659794
1.2704081632653061
1.1643835616438356
0.8428571428571429
1.0204081632653061
1.4140625
1.3671875
1.1875
1.109375
1.171875
1.4609375
1.875
1.3650793650793651
1.1194029850746268
1.6344827586206896
1.5135135135135136
1.4606741573033708
1.0135135135135136
0.8405797101449275
1.1774193548387097
1.154320987654321
1.6774193548387097
0.8087431693989071
1.4383561643835616
1.0136363636363637
1.054263565891473
0.9559748427672956
0.9865771812080537
1.546218487394958
0.8217054263565892
0.9603960396039604
0.536
0.9941860465116279
1.5609756097560976
1.6444444444444444
1.197879858657244
0.6666666666666666
0.9166666666666666
0.9791666666666666
0.7291666666666666
1.744186046511628
0.8541666666666666
1.1444444444444444
0.8229166666666666
0.6888888888888889
0.6041666666666666
0.6544502617801047
1.1888888888888889
1.1878172588832487
1.1682242990654206
0.9314285714285714
1.08843537414966
1.3773584905660377
1.783132530120482
1.515923566878981
0.8390243902439024
1.4833333333333334
1.6083333333333334
1.1273584905660377
1.7333333333333334
1.2802197802197801
1.2333333333333334
0.8493150684931506
0.8144329896907216
0.819672131147541
0.9927536231884058
0.8769230769230769
1.0175438596491229
1.4415584415584415
1.5849056603773586
0.6988636363636364
1.0849056603773586
1.4927536231884058
0.6363636363636364
0.8959276018099548
0.7419354838709677
0.8311688311688312
1.2419354838709677
1.5229357798165137
1.7419354838709677
1.3311688311688312
1.4893617021276595
0.967032967032967
1.0867052023121386
0.7574468085106383
0.7898550724637681
1.3453237410071943
1.1631205673758864
1.4242424242424243
2.0714285714285716
1.2982456140350878
1.2962962962962963
1.7131782945736433
1.6470588235294117
1.396551724137931
0.7346938775510204
0.8807947019867549
1.2416107382550337
0.8071428571428572
1.0571428571428572
1.1574803149606299
0.7244582043343654
0.4810606060606061
1.596938775510204
1.53551912568306
1.346938775510204
0.8172043010752689
0.7307692307692307
0.8024691358024691
0.825503355704698
0.7652173913043478
1.7640449438202248
1.5638297872340425
1.6341463414634145
1.309278350515464
1.4819277108433735
0.8875739644970414
0.8809523809523809
1.4158415841584158
1.5137614678899083
1.630952380952381
1.380952380952381
1.130952380952381
1.328358208955224
1.0463576158940397
0.8064516129032258
0.9313725490196079
1.4313725490196079
1.3064516129032258
1.3206106870229009
1.1441441441441442
1.1267605633802817
0.837037037037037
1.0176470588235293
1.352112676056338
1.4385964912280702
0.7210144927536232
0.8865248226950354
0.9710144927536232
1.4485981308411215
1.4343434343434343
0.8814814814814815
1.0566037735849056
1.3882978723404256
1.1016949152542372
0.8313253012048193
1.6382978723404256
1.353658536585366
1.1615720524017468
0.8372093023255814
0.94
0.8566308243727598
1.44
1.2598425196850394
1.065040650406504
0.6705882352941176
1.3506493506493507
2.0821917808219177
1.19
1.462686567164179
1.4173913043478261
1.4771573604060915
1.343839541547278
0.7972972972972973
1.1046511627906976
0.9489795918367347
0.821656050955414
0.7971014492753623
1.4489795918367347
1.4488188976377954
1.9416058394160585
1.1121951219512196
2.4489795918367347
2.1610169491525424
0.8235294117647058
1.5735294117647058
1.7936507936507937
1.8041237113402062
0.8783783783783784
1.3235294117647058
1.5045871559633028
1.4485294117647058
1.0735294117647058
0.75177304964539
1.1985294117647058
0.8556701030927835
0.8615384615384616
0.7299270072992701
1.744360902255639
1.5148514851485149
0.5573770491803278
0.945054945054945
0.9243697478991597
1.5573770491803278
1.4829931972789117
1.3709677419354838
1.2203389830508475
0.6426116838487973
0.7116564417177914
0.958904109589041
0.6716417910447762
0.8424242424242424
0.7282608695652174
0.9864864864864865
0.6749116607773852
0.9016393442622951
0.7364864864864865
1.2785714285714285
2.0285714285714285
1.5970149253731343
1.3524590163934427
1.7785714285714285
1.5285714285714285
0.9506172839506173
0.9181818181818182
0.9065420560747663
1.3275862068965518
1.2933333333333332
1.9506172839506173
0.9702380952380952
0.8687150837988827
1.0287769784172662
1.4181818181818182
0.9823008849557522
0.9053254437869822
0.8596491228070176
1.2327586206896552
1.3596491228070176
1.4827586206896552
0.86
1.0251256281407035
1.3377777777777777
1.1379310344827587
1.4492753623188406
1.161904761904762
1.2087912087912087
1.3622047244094488
0.8481012658227848
0.8394160583941606
0.7931034482758621
1.4184100418410042
1.43801652892562
1.043103448275862
0.7342657342657343
0.9629629629629629
1.4268292682926829
1.4266666666666667
0.9482758620689655
0.6982758620689655
0.8701298701298701
0.9851851851851852
1.4482758620689655
1.7313432835820894
1.7289719626168225
0.8956521739130435
1.6982758620689655
1.2820512820512822
1.3777777777777778
0.978448275862069
1.103448275862069
1.402061855670103
1.603448275862069
1.6936936936936937
0.7753623188405797
1.2597402597402598
1.0296296296296297
0.8115942028985508
0.8581560283687943
0.9568345323741008
1.0740740740740742
1.5740740740740742
1.9568345323741008
1.3795180722891567
1.7586206896551724
1.3240740740740742
0.7909090909090909
1.0669856459330143
1.4137931034482758
1.7747747747747749
1.021505376344086
1.1631799163179917
1.0213903743315509
2.1466666666666665
1.4857142857142858
1.3037974683544304
1.0692307692307692
1.5689655172413792
0.5882352941176471
1.1572327044025157
1.0689655172413792
0.7755905511811023
0.7755102040816326
0.6605504587155964
1.2755102040816326
1.1014492753623188
1.101123595505618
0.9476744186046512
1.7241379310344827
0.78
0.6742081447963801
1.5251396648044693
1.28
1.03
0.6808510638297872
0.7112676056338029
1.3140495867768596
1.62015503875969
1.0985915492957747
0.9491525423728814
0.7189542483660131
0.7411764705882353
0.7807017543859649
0.823943661971831
1.2828282828282829
1.530701754385965
1.4326241134751774
1.2411764705882353
1.7411764705882353
1.280701754385965
1.9651162790697674
1.073446327683616
0.8467741935483871
0.8095238095238095
1.1902654867256637
1.3272727272727274
1.1570247933884297
1.156549520766773
0.845360824742268
1.0276243093922652
0.9329268292682927
0.7886178861788617
1.0961538461538463
1.0987654320987654
1.9136363636363636
0.8941176470588236
2.1636363636363636
0.9543568464730291
0.9803921568627451
0.6853932584269663
0.8691588785046729
1.4166666666666667
1.5416666666666667
1.7076923076923076
1.1666666666666667
1.6666666666666667
1.1685393258426966
1.0416666666666667
0.740484429065744
0.6731517509727627
1.6571428571428573
1.3896103896103895
0.7536231884057971
1.2792207792207793
1.0239520958083832
1.7792207792207793
1.1720430107526882
1.2075471698113207
1.0829875518672198
1.0901639344262295
0.8208333333333333
0.8833333333333333
1.8852459016393444
1.8833333333333333
1.5083333333333333
1.1512605042016806
1.1333333333333333
0.8129496402877698
1.662162162162162
1.2195121951219512
1.3775510204081634
1.162162162162162
1.7195121951219512
1.2016806722689075
0.9702970297029703
1.0330578512396693
1.4722222222222223
1.2222222222222223
1.7222222222222223
1.6385542168674698
1.9722222222222223
2.2222222222222223
1.0972222222222223
0.6751054852320675
0.9402985074626866
0.7432432432432432
1.2696629213483146
1.288659793814433
1.9402985074626866
0.7397959183673469
0.9897959183673469
1.1673469387755102
1.3025210084033614
1.4402985074626866
1.3529411764705883
1.2279411764705883
1.3736263736263736
0.8550185873605948
0.8066298342541437
0.8165137614678899
1.4102564102564104
1.3243243243243243
1.5260869565217392
1.0260869565217392
1.0497237569060773
1.2281553398058251
1.1646090534979423
0.7754010695187166
0.8383233532934131
1.3982300884955752
1.6779661016949152
1.1020408163265305
0.844311377245509
0.7738095238095238
0.9879518072289156
1.1941747572815533
1.356687898089172
1.294478527607362
1.4879725085910653
1.4054054054054055
1.2365591397849462
1.7365591397849462
0.9590163934426229
1.5538461538461539
1.9054054054054055
0.900709219858156
1.5605095541401275
1.1201716738197425
0.9113924050632911
1.0727272727272728
1.550660792951542
1.5982905982905984
0.8539325842696629
1.9113924050632911
0.7336683417085427
1.2372881355932204
1.6588235294117648
1.2216748768472907
1.7469135802469136
1.7372881355932204
0.9951219512195122
1.2450980392156863
1.12
1.37
1.3169398907103824
1.2451612903225806
1.0693069306930694
1.2384341637010676
1.2987012987012987
1.3253968253968254
1.7863247863247864
1.3373493975903614
0.7572815533980582
1.3255813953488371
1.08130081300813
0.8476190476190476
0.8865979381443299
0.9902912621359223
0.8867924528301887
1.8865979381443299
1.2234042553191489
1.7966101694915255
1.1802575107296138
0.8079710144927537
1.198019801980198
1.4142857142857144
1.208955223880597
0.6396396396396397
0.9052631578947369
1.1642857142857144
0.9642857142857143
0.7276264591439688
0.9397590361445783
0.8050847457627118
0.8793103448275862
0.7111111111111111
0.9090909090909091
0.7344632768361582
0.8854961832061069
0.7230769230769231
0.9454545454545454
1.4382022471910112
1.1228070175438596
1.0226244343891402
0.8850574712643678
0.45408163265306123
0.776
1.3703703703703705
1.1203703703703705
1.1890547263681592
0.9066666666666666
0.6867469879518072
0.98989898989899
1.2040816326530612
1.3010752688172043
1.1371951219512195
1.3870967741935485
1.7464788732394365
1.2237762237762237
1.1370967741935485
2.1372549019607843
1.5121951219512195
1.1372549019607843
0.8840579710144928
1.3278688524590163
0.9289099526066351
1.3937007874015748
1.3203883495145632
1.6229508196721312
0.8290322580645161
1.1523178807947019
1.3484848484848484
1.1061946902654867
0.9736842105263158
0.9880952380952381
0.7380952380952381
1.2380952380952381
1.2663755458515285
1.2615384615384615
0.9151515151515152
1.5971223021582734
0.8763440860215054
0.7569832402234636
0.8738738738738738
1.036144578313253
0.8503401360544217
0.943089430894309
1.6931818181818181
1.8181818181818181
1.5906735751295338
1.3181818181818181
1.5681818181818181
1.443089430894309
1.0056818181818181
0.8053097345132744
0.9661016949152542
0.8966480446927374
0.8723404255319149
0.8827586206896552
1.2077922077922079
1.5294117647058822
1.2794117647058822
1.3387978142076502
0.5619047619047619
1.0384615384615385
1.5384615384615385
1.3584905660377358
0.8347107438016529
1.4134615384615385
1.2884615384615385
1.6634615384615385
0.9516129032258065
0.8266666666666667
1.193103448275862
1.543859649122807
1.4516129032258065
0.732824427480916
1.3503649635036497
0.7878787878787878
0.7569721115537849
1.6067415730337078
1.0378787878787878
1.2878787878787878
0.8984771573604061
1.1067415730337078
1.5660377358490567
0.8739837398373984
0.7704280155642024
0.8021978021978022
0.8623188405797102
1.446808510638298
1.3412698412698412
0.8947368421052632
0.8857142857142857
0.7415730337078652
1.2685185185185186
1.0185185185185186
1.5185185185185186
0.9391891891891891
1.132867132867133
0.8923076923076924
0.7349397590361446
0.7575757575757576
1.530612244897959
1.4179104477611941
1.7575757575757576
0.8029197080291971
0.8512396694214877
0.7521367521367521
0.9513513513513514
0.7619047619047619
0.7529411764705882
0.7607361963190185
1.096774193548387
1.3780487804878048
0.7634854771784232
1.0147058823529411
1.2660550458715596
2.7142857142857144
0.7702702702702703
1.4956140350877194
1.3048780487804879
1.43
1.7456140350877194
1.68
1.2456140350877194
1.18
1.205607476635514
1.128440366972477
1.5161290322580645
1.1025641025641026
1.1411764705882352
1.3376623376623376
1.2661290322580645
2.0186915887850465
0.9147727272727273
1.4772727272727273
1.7272727272727273
1.1022727272727273
0.7125
1.694915254237288
1.360655737704918
1.267605633802817
1.0273972602739727
0.791907514450867
1.5582822085889572
1.4234234234234233
1.5432098765432098
1.6534653465346534
1.4929577464788732
1.3296703296703296
1.5377358490566038
1.0377358490566038
1.7752808988764044
1.2357723577235773
0.8414634146341463
1.196969696969697
1.696969696969697
1.2685714285714285
1.4470588235294117
1.0045045045045045
0.4567307692307692
0.6326530612244898
1.5812807881773399
1.2610441767068272
0.85
0.975
0.725
0.9125
0.6033057851239669
0.6635514018691588
1.5753424657534247
1.8306451612903225
1.1635514018691588
1.8135593220338984
0.9148936170212766
1.6979166666666667
1.3229166666666667
1.2291666666666667
1.9166666666666667
1.4947916666666667
1.0104166666666667
1.2916666666666667
1.1979166666666667
1.2135416666666667
1.3541666666666667
1.0116279069767442
1.1954887218045114
0.8773584905660378
0.9341317365269461
1.4260869565217391
1.5654008438818565
1.1461988304093567
0.8868778280542986
1.2007874015748032
0.9882352941176471
0.9281045751633987
0.7257142857142858
0.7375886524822695
1.6363636363636365
1.8863636363636365
1.110091743119266
0.9893617021276596
1.1363636363636365
0.5263157894736842
0.6513157894736842
0.9726027397260274
0.7948717948717948
0.8831168831168831
0.832
0.7665369649805448
0.7686274509803922
0.6871508379888268
0.7743732590529248
1.4727272727272727
1.0975609756097562
0.6710526315789473
1.1605839416058394
0.8037383177570093
1.0427350427350428
1.5588235294117647
0.9009009009009009
1.6564885496183206
1.4251968503937007
0.9624060150375939
1.1895424836601307
1.0300751879699248
1.1214953271028036
1.3972602739726028
0.8469387755102041
1.0244897959183674
1.7307692307692308
1.2307692307692308
1.4807692307692308
1.7698412698412698
1.0786516853932584
0.46464646464646464
1.2698412698412698
1.087719298245614
1.5284552845528456
1.5642857142857143
1.3142857142857143
1.0642857142857143
1.1927710843373494
1.4591836734693877
1.1383647798742138
1.1434426229508197
0.9439252336448598
1.4639175257731958
1.6885245901639345
1.4188034188034189
0.9043478260869565
1.1885245901639345
1.1048951048951048
1.3148148148148149
1.112
1.135135135135135
0.8251748251748252
1.4647887323943662
1.2125435540069687
1.9452054794520548
1.1901408450704225
1.155844155844156
0.9181286549707602
0.9028571428571428
1.682170542635659
1.170731707317073
1.6705882352941177
0.8271604938271605
0.8818181818181818
1.3818181818181818
1.0443349753694582
0.9932885906040269
0.872093023255814
1.372093023255814
0.891566265060241
1.4386792452830188
1.3179190751445087
1.247191011235955
1.0935251798561152
0.7459677419354839
0.8709677419354839
0.9841269841269841
0.954248366013072
0.508833922261484
0.9597989949748744
1.6308724832214765
1.106312292358804
1.0266666666666666
1.1515151515151516
0.7804878048780488
0.8580246913580247
0.7595628415300546
0.8222222222222222
1.9574468085106382
1.2638036809815951
1.0792079207920793
1.6231884057971016
1.1510791366906474
1.0622568093385214
1.066390041493776
0.7933333333333333
0.7671232876712328
1.3452380952380953
1.3820224719101124
1.377245508982036
1.2323232323232323
1.0952380952380953
1.4153005464480874
1.5319148936170213
0.701195219123506
0.9218106995884774
1.2079207920792079
1.164179104477612
1.2568807339449541
1.170940170940171
1.36
1.271186440677966
1.11
1.013986013986014
0.8962962962962963
0.7875647668393783
1.106145251396648
0.7923076923076923
0.676829268292683
2.0357142857142856
0.9407407407407408
1.0215827338129497
0.7313432835820896
0.9029850746268657
0.7468354430379747
1.3305084745762712
1.3505154639175259
1.358974358974359
0.934156378600823
1.7468354430379747
1.0375586854460095
1.2468354430379747
0.8968253968253969
0.8721804511278195
1.6063829787234043
1.1063829787234043
1.2958579881656804
1.9548387096774194
1.4190476190476191
0.9354838709677419
0.4794520547945205
0.7591240875912408
0.32222222222222224
0.4891304347826087
0.9262295081967213
1.9262295081967213
1.290909090909091
1.3150684931506849
0.9753086419753086
0.5215686274509804
1.016
0.7098765432098766
0.9485714285714286
0.9911504424778761
0.9298245614035088
1.1272727272727272
1.3898305084745763
1.062780269058296
0.8348623853211009
1.0347826086956522
0.7786561264822134
0.9634146341463414
0.8232931726907631
1.4634146341463414
1.3537414965986394
1.1717171717171717
0.7241379310344828
0.8656716417910447
0.8324324324324325
0.8468468468468469
0.8679245283018868
1.306930693069307
1.6593406593406594
1.140495867768595
0.9290780141843972
0.7607843137254902
0.7428571428571429
1.3443708609271523
1.7428571428571429
1.0071942446043165
0.7844827586206896
1.010752688172043
0.8712871287128713
1.1808510638297873
1.3877551020408163
1.1420765027322404
1.4328358208955223
1.0451127819548873
1.050561797752809
0.6414141414141414
1.1414141414141414
1.6619718309859155
1.608
1.1450381679389312
0.8969072164948454
0.8943089430894309
0.9230769230769231
1.9230769230769231
1.4230769230769231
1.2980769230769231
1.2433862433862435
1.1730769230769231
1.0480769230769231
0.540084388185654
0.8045977011494253
0.8285714285714286
0.8461538461538461
0.7471264367816092
0.907103825136612
0.8272251308900523
0.8319327731092437
0.7489878542510121
0.8290598290598291
0.5444444444444444
0.708502024291498
1.5222222222222221
1.1180124223602483
1.233009708737864
1.1948051948051948
0.6396103896103896
0.8166666666666667
0.8759124087591241
1.0666666666666667
1.5666666666666667
1.5046728971962617
0.7202797202797203
0.8388888888888889
1.6916666666666667
1.3166666666666667
0.831081081081081
0.8963730569948186
0.8611111111111112
0.9861111111111112
1.1111111111111112
1.4861111111111112
1.2986111111111112
1.9236111111111112
1.3611111111111112
2.111111111111111
1.1529411764705881
1.2361111111111112
1.1530054644808743
1.326086956521739
1.1706484641638226
1.201086956521739
1.826086956521739
0.822429906542056
1.1868131868131868
1.047244094488189
1.076086956521739
0.8796992481203008
1.075268817204301
1.5174825174825175
1.0970873786407767
0.9483568075117371
0.7769230769230769
0.8705035971223022
0.7802547770700637
0.7991452991452992
1.4556962025316456
1.6612903225806452
1.065326633165829
1.0363636363636364
1.1612903225806452
1.2270916334661355
0.65625
0.90625
0.4975609756097561
1.3725490196078431
1.1401869158878504
1.2821316614420062
1.489795918367347
1.5346534653465347
1.21656050955414
1.029126213592233
1.0808080808080809
1.4505494505494505
1.3544303797468353
1.2088235294117646
0.9571428571428572
1.0495867768595042
1.443298969072165
0.7281553398058253
0.3588235294117647
0.9611650485436893
0.29457364341085274
1.0471698113207548
1.4871794871794872
1.67
1.42
1.17
1.2560975609756098
1.128654970760234
1.1358024691358024
1.1639344262295082
0.743455497382199
0.9626168224299065
1.6307692307692307
1.4782608695652173
1.2282608695652173
1.2929936305732483
1.1310344827586207
1.3963963963963963
0.8704225352112676
0.9685534591194969
1.7142857142857142
1.2142857142857142
1.3592233009708738
1.4486486486486487
1.6517857142857142
1.5267857142857142
1.4642857142857142
1.015923566878981
0.7647058823529411
0.7354085603112841
1.7647058823529411
1.4413793103448276
1.4774774774774775
0.780952380952381
0.810126582278481
1.2647058823529411
2.389705882352941
1.1397058823529411
0.7719298245614035
0.8151260504201681
0.7258064516129032
1.2258064516129032
1.186335403726708
1.096551724137931
1.0481927710843373
0.865546218487395
1.248062015503876
0.9010989010989011
0.7351778656126482
0.9381443298969072
0.7417218543046358
1.5930232558139534
1.3842592592592593
1.0930232558139534
1.2881355932203389
1.0092592592592593
1.2592592592592593
0.8043478260869565
0.759493670886076
0.7009966777408638
1.1129032258064515
1.0875912408759123
0.7327188940092166
0.9291666666666667
0.8666666666666667
1.263157894736842
1.5853658536585367
1.3571428571428572
0.84
0.965
1.0620689655172413
0.782312925170068
0.7300613496932515
1.3804347826086956
1.6375838926174497
1.5512820512820513
0.7047244094488189
1.4454545454545455
1.1304347826086956
1.2623762376237624
0.6338028169014085
0.7761194029850746
1.2818181818181817
1.6338028169014085
1.347457627118644
1.126984126984127
1.2658227848101267
2.0425531914893615
0.8591549295774648
0.9045936395759717
0.8876404494382022
1.1714285714285715
1.168
1.4205607476635513
1.5188679245283019
1.0188679245283019
0.8484848484848485
1.0836653386454183
1.104
0.9724770642201835
0.7927927927927928
1.2903225806451613
1.6434782608695653
1.5057471264367817
1.0403225806451613
1.020979020979021
1.4067796610169492
0.7724719101123596
0.9532163742690059
1.2839506172839505
1.2398753894080996
1.160919540229885
1.0632911392405062
0.8160919540229885
1.1170212765957446
1.4329896907216495
1.6233766233766234
0.6931818181818182
1.1929824561403508
1.4104477611940298
1.6170212765957446
0.4863013698630137
0.994413407821229
1.4952380952380953
1.9661016949152543
1.0326086956521738
0.7794117647058824
1.048780487804878
2.032608695652174
0.76
1.26
1.76
1.5396825396825398
0.8584905660377359
1.4744525547445255
1.01
0.7403846153846154
1.1153846153846154
1.3653846153846154
1.401639344262295
1.2403846153846154
1.7212121212121212
0.543859649122807
1.6153846153846154
1.901639344262295
1.4903846153846154
0.6823529411764706
1.4367816091954022
1.027027027027027
1.1967213114754098
1.527027027027027
1.277027027027027
1.2627737226277371
1.3082706766917294
0.9074074074074074
0.9900990099009901
1.1914893617021276
1.4918032786885247
1.21285140562249
1.044776119402985
1.6081081081081081
1.8548387096774193
1.4186046511627908
1.6464646464646464
1.3548387096774193
1.3581081081081081
0.8412698412698413
1.1048387096774193
1.1081081081081081
1.416
1.2635658914728682
1.490566037735849
0.9215686274509803
1.0248756218905473
2.0847457627118646
1.690909090909091
0.8141592920353983
0.8026905829596412
1.879120879120879
1.2097902097902098
1.684782608695652
1.1891891891891893
1.4391891891891893
1.434782608695652
1.309782608695652
0.9692307692307692
0.979381443298969
0.8954248366013072
0.9058823529411765
0.9072164948453608
0.776173285198556
0.7443609022556391
0.8325123152709359
0.9145299145299145
0.9047619047619048
0.8863636363636364
0.9176470588235294
1.7009345794392523
1.1981132075471699
1.4534883720930232
1.6981132075471699
1.2659574468085106
1.6140350877192982
1.0976744186046512
1.0924369747899159
0.9067357512953368
1.3928571428571428
1.1428571428571428
1.5178571428571428
1.8928571428571428
1.6428571428571428
1.2678571428571428
1.1390728476821192
0.8376623376623377
0.8051948051948052
0.8734177215189873
1.1794871794871795
1.8734177215189873
1.0324675324675325
0.9360902255639098
1.4294871794871795
1.2490974729241877
0.7951807228915663
0.691699604743083
0.8041958041958042
1.4580645161290322
1.6543778801843319
1.2436974789915967
0.9649122807017544
1.168141592920354
0.9763313609467456
0.8729281767955801
0.823076923076923
1.2941176470588236
1.5441176470588236
1.323076923076923
0.7947019867549668
0.7175572519083969
1.6056338028169015
1.5869565217391304
1.1533742331288344
0.7752808988764045
1.0869565217391304
0.7183098591549296
1.3404255319148937
0.9248366013071896
0.8309859154929577
0.8661417322834646
1.2166666666666666
1.4666666666666666
1.3414634146341464
0.7718120805369127
1.265625
1.09375
1.0914634146341464
0.9742268041237113
1.765625
1.140625
1.21875
0.5590062111801242
0.9436619718309859
1.5657894736842106
1.2281879194630871
1.7064220183486238
0.9083333333333333
0.7208333333333333
1.5257731958762886
1.3157894736842106
1.056338028169014
1.144578313253012
0.9045226130653267
0.9305555555555556
0.9930555555555556
1.5555555555555556
1.158878504672897
1.0555555555555556
0.9130434782608695
1.6180555555555556
1.5075376884422111
1.3055555555555556
1.2515337423312884
1.1805555555555556
0.8321167883211679
0.933649289099526
0.7953216374269005
1.1
1.225
1.6
1.35
1.4297520661157024
2.1
1.00625
1.9363636363636363
1.2448979591836735
1.1862745098039216
1.6862745098039216
1.169811320754717
0.8595505617977528
0.9103448275862069
1.1647398843930636
0.928
0.8780487804878049
0.8165938864628821
0.9813084112149533
0.9891304347826086
0.7391304347826086
1.7295081967213115
1.2295081967213115
0.9821428571428571
0.8571428571428571
0.8258928571428571
0.7946428571428571
0.8381742738589212
0.7321428571428571
0.7795275590551181
0.7387387387387387
1.2790697674418605
0.9477124183006536
0.8761061946902655
1.483221476510067
1.2846715328467153
1.1560975609756097
0.9538461538461539
0.9690721649484536
0.9382239382239382
1.2111801242236024
0.7926829268292683
0.881578947368421
1.4788732394366197
1.631578947368421
0.9384615384615385
0.9365079365079365
0.9931506849315068
1.0612244897959184
1.0087719298245614
1.9111111111111112
1.9365079365079365
1.4526315789473685
1.8198198198198199
0.8152173913043478
1.0307692307692307
0.8880597014925373
1.313953488372093
1.2521739130434784
1.4533333333333334
1.5784313725490196
1.063953488372093
1.0784313725490196
0.8810408921933085
1.0103092783505154
0.8268398268398268
0.7768361581920904
1.736842105263158
1.236842105263158
1.486842105263158
0.6451612903225806
0.8951612903225806
2.3597122302158273
0.9297297297297298
1.3757575757575757
1.220125786163522
1.2404371584699454
0.9552238805970149
0.9830508474576272
0.8913043478260869
0.7814569536423841
1.0210526315789474
1.891304347826087
1.391304347826087
0.7698412698412699
1.2476190476190476
2.391304347826087
2.212121212121212
1.2296918767507004
1.481012658227848
1.781456953642384
0.8701923076923077
1.3076923076923077
1.0576923076923077
1.6826923076923077
0.7183908045977011
1.4646464646464648
1.1201923076923077
1.1826923076923077
1.2294617563739376
1.2037037037037037
1.7037037037037037
1.439252336448598
1.0223880597014925
1.4537037037037037
0.725925925925926
0.7204301075268817
0.8454545454545455
1.8455284552845528
1.3375796178343948
1.2213740458015268
0.717391304347826
1.3454545454545455
1.0643776824034334
0.19801980198019803
1.5414012738853504
1.4014598540145986
1.5154639175257731
0.8553719008264463
0.8070175438596491
1.5894736842105264
0.8829787234042553
0.5714285714285714
0.9464285714285714
0.8839285714285714
0.7589285714285714
0.8214285714285714
1.1339285714285714
1.0714285714285714
1.5714285714285714
1.4464285714285714
1.5089285714285714
1.1964285714285714
1.9464285714285714
0.7662337662337663
0.8736842105263158
0.9312977099236641
0.9020979020979021
1.584070796460177
1.3736842105263158
1.5445544554455446
1.2163265306122448
1.1629213483146068
0.6615384615384615
0.6901960784313725
1.0434782608695652
1.082191780821918
1.5434782608695652
0.7862595419847328
0.9154929577464789
1.371900826446281
1.2934782608695652
0.6578947368421053
0.7764227642276422
0.9078947368421053
0.8453947368421053
1.1578947368421053
1.6054421768707483
1.0328947368421053
0.7927170868347339
1.1164021164021165
1.728395061728395
1.2148760330578512
0.9574468085106383
0.8896103896103896
0.9421052631578948
0.7515527950310559
0.8717948717948718
1.3952380952380952
1.9672131147540983
1.6024096385542168
0.8695652173913043
1.2158273381294964
0.9004524886877828
1.2945736434108528
0.7849462365591398
1.1395348837209303
1.7849462365591398
1.16
1.3924050632911393
1.41
1.66
1.3895348837209303
0.9587628865979382
0.983402489626556
0.7471910112359551
0.9682539682539683
0.8446601941747572
0.9647058823529412
0.9347826086956522
0.8787878787878788
0.8674698795180723
1.121212121212121
0.9764705882352941
0.8558139534883721
0.7264705882352941
0.9948186528497409
1.0153846153846153
2.096
1.7263157894736842
1.096
1.2459893048128343
0.9069767441860465
0.832258064516129
0.7073170731707317
1.7073170731707317
1.886255924170616
1.2073170731707317
1.283236994219653
1.0598290598290598
0.7683397683397684
0.6956521739130435
1.6956521739130435
1.8190954773869348
1.4456521739130435
0.9518072289156626
1.0105263157894737
0.719626168224299
0.8440366972477065
0.8518518518518519
0.9924812030075187
1.2409638554216869
1.3518518518518519
1.320754716981132
0.8740740740740741
0.8602150537634409
1.6257309941520468
1.4142011834319526
1.0045454545454546
1.1898734177215189
1.5426008968609866
1.4659090909090908
1.7159090909090908
0.7857142857142857
1.2159090909090908
1.0909090909090908
1.3409090909090908
1.5909090909090908
0.8314606741573034
1.528301886792453
1.2923076923076924
1.094890510948905
0.8361344537815126
0.546875
0.8289473684210527
1.2039473684210527
1.5789473684210527
1.351063829787234
1.3523809523809525
1.3289473684210527
1.0789473684210527
1.388235294117647
0.8757763975155279
0.8187134502923976
1.435897435897436
1.6171428571428572
1.178082191780822
0.83
1.3012048192771084
0.9099099099099099
1.1416666666666666
1.7666666666666666
0.8631578947368421
1.0606060606060606
1.400990099009901
1.5051546391752577
1.1736526946107784
1.3631578947368421
0.6455696202531646
1.1595092024539877
1.5873015873015872
1.1466666666666667
1.0978260869565217
1.3478260869565217
1.2378640776699028
1.1654135338345866
0.6239316239316239
1.357843137254902
1.107843137254902
1.203883495145631
1.452054794520548
0.839041095890411
0.6773049645390071
0.9563318777292577
0.7362637362637363
1.431578947368421
1.1359223300970873
1.2803030303030303
1.8793103448275863
1.2362637362637363
1.1775700934579438
1.3793103448275863
1.1293103448275863
1.0303030303030303
0.9239130434782609
0.87248322147651
1.726027397260274
1.0344827586206897
0.8349514563106796
0.9328358208955224
0.8603351955307262
0.869281045751634
0.9396551724137931
1.1896551724137931
1.0199004975124377
0.8009708737864077
0.863013698630137
0.6459627329192547
0.8448275862068966
1.2450331125827814
1.5339805825242718
1.3448275862068966
0.9777777777777777
1.345132743362832
1.1550387596899225
